Deprecated/Runs/Demo/Input/Initialization/Age.txt
ncols 100
nrows 100
xllcorner -59982.863281
yllcorner 1851083.022172
cellsize 1000.000000
NODATA_value -9999
[rows 0 to 37 of 100, columns 0 to 86 of 100]
1244 1840 1234 1598 1638 1508 1250 1234 1094 1000 1706 1038 1746 1000 1002 1000 1000 1000 1248 1124 2086 1052 1561 1011 1000 1627 2215 1613 1000 1793 1077 1183 1953 1337 1089 2159 1381 1014 1082 1547 1084 1000 1107 1050 1292 1364 2425 1287 1665 1170 1003 2528 1195 1099 1235 1334 1836 1204 1012 1786 1027 1000 1022 991 991 1023 1018 1439 2073 1065 1005 1750 1390 1061 1392 1377 1248 1653 1582 1404 1253 1806 1472 1402 1116 1171 1093
1049 1896 1065 1544 1240 1091 1127 1000 1095 1129 1000 1000 1464 1390 1005 1307 1000 1000 1000 2888 1593 1279 1013 1019 1047 1017 1161 1000 1377 1000 1707 1000 1197 1383 1900 1416 1085 1690 2393 1466 1167 1413 1000 1395 1045 1599 2287 1180 1270 1312 1057 1017 1725 1070 1305 1220 1008 1847 1240 1266 1410 1255 1319 1000 991 991 1058 1212 1000 864 875 1025 1360 1080 1093 1042 1215 1294 1798 1292 1010 1610 1162 1093 76 2897 1720
1411 1055 1053 1000 1115 1000 1900 2136 1066 1311 1000 1052 1047 1023 1315 1128 1000 1000 1000 2933 1142 1898 1618 1105 1634 1059 1333 1278 1009 1000 1331 1395 1720 1000 1374 1533 1034 2965 1657 1071 1216 1000 1000 1081 1313 1424 1628 1709 1010 1828 2283 1467 1293 1140 1204 1406 1019 1879 1090 1532 1699 1503 1086 1043 1071 1022 1268 1370 860 864 875 1000 1021 1000 1057 1227 1121 1015 1136 1131 1018 1134 794 794 1309 1274 1735
1878 1472 1401 1053 1069 1016 1390 1066 1590 1084 1000 1000 1000 1210 1000 1011 1000 1000 1321 1364 1135 1082 1439 1081 1165 1037 1650 1116 1294 1000 1000 1000 1000 1000 1238 1344 1000 1212 1157 1000 1136 1094 1159 1158 1375 1127 1156 1038 1189 1056 1202 1137 1221 1342 1126 1205 1013 1029 2161 1193 1023 1018 1554 1409 1153 1339 1040 1000 864 484 875 610 610 1101 1090 1612 1600 1095 1163 1091 1525 1007 794 794 1053 1019 1590
1124 1252 1746 1545 1043 1017 1031 1011 2437 2150 1000 1147 1015 1006 1198 1000 1317 1000 1000 1000 1143 1276 1217 1055 2458 1832 1091 1082 1372 1163 1355 1000 2186 1035 1175 1405 1693 1006 1791 1000 1446 2047 1149 1848 1388 2662 1096 1116 1019 1467 1406 1654 1397 1025 1175 2098 1132 1083 1642 2141 1071 2834 1503 1074 1389 1060 1243 235 1000 72 1000 610 610 1014 1994 1393 1304 1058 1020 1613 1220 1787 1056 1048 1309 1049 1254
1218 1256 425 1088 1238 1048 1282 1152 1215 1078 1000 1000 1060 1509 1296 1080 1312 2829 1000 1000 1381 1332 1118 1327 1027 1062 1676 2613 1377 1358 1000 1000 1000 1385 1608 1000 1363 1043 1000 1000 1000 1000 1000 1353 1294 1033 1106 1489 1027 1171 1498 1065 1058 1238 1000 1044 1208 1404 1106 1269 1421 1722 1217 1154 1077 1010 1113 235 1000 484 71 229 1000 1000 1720 1000 1424 1044 1096 1024 1018 1218 1985 1001 883 1321 1000
1005 1288 1538 1030 1181 1927 1797 1815 1202 1147 1616 1000 1105 1000 1000 1456 1095 1000 1000 1000 1000 1592 1000 1160 1549 1124 1185 1000 1198 1682 1000 1000 2375 1786 1000 1267 1906 1000 1000 1000 1000 1000 1848 2075 1333 1404 1086 1195 1427 1031 1041 1052 1404 1131 1222 1222 1017 1012 1149 1547 1221 1466 1111 1480 1396 36 642 235 71 71 796 610 639 1169 1000 1151 1884 1014 1333 1133 1722 1007 1545 2029 236 1232 1016
1000 1271 1000 1089 1195 1089 1576 2166 1284 1915 1039 1923 1279 1000 1388 1000 1061 1000 1309 1000 1000 1430 1024 1499 1016 1093 1986 1000 1000 1000 1000 1000 1000 2016 1017 1131 1338 1000 1000 1382 1000 1092 1330 1234 1216 1188 1068 1590 1159 1000 2423 1000 1000 2058 1383 1448 1182 1128 1126 1429 1111 1014 1127 1106 1076 1133 642 1809 71 71 71 1000 707 1372 1071 1040 926 1058 2366 1110 1019 499 1381 1129 1011 1325 1320
1000 1483 1447 1209 1280 2270 1199 1498 1007 1350 1567 1755 1027 1000 1000 1000 1396 1000 1000 1000 1000 1045 1000 1074 1081 1000 1829 1302 1017 1000 1000 1277 1000 1000 1000 1000 1000 1000 1000 1184 1382 1152 1222 1224 1532 1830 1083 1161 1425 1176 1112 1000 1000 1962 1213 1631 1032 1149 1876 1058 1313 1274 1891 1001 1262 1000 1136 1311 71 71 71 38 1004 1030 1835 1402 926 926 926 1000 1125 1689 1178 1856 1635 1494 1032
2746 1059 2211 1063 1572 1004 1757 1207 1361 1027 1000 1152 1235 1000 1000 1000 1000 1000 1941 1000 1000 1000 1000 1058 1842 1000 1837 1000 1570 2525 1787 1131 1138 1000 1000 1000 1000 1000 1000 1000 1267 1113 1583 1158 1075 1029 1428 1740 1629 1198 1100 1463 1408 1074 1057 1255 1282 1000 1537 1084 1000 1064 1101 2305 1222 1637 1121 1042 1022 71 71 1014 1017 1000 1034 1006 1363 926 1190 1204 1000 1090 1566 1161 1000 1475 1194
1000 1270 1379 1000 1094 1457 2151 1193 1258 1000 1000 1233 1092 1068 1006 2143 1144 1000 1000 1000 1000 1000 1034 1776 1051 1235 1673 1000 1000 1000 1482 1018 1013 2446 1156 1000 1000 2759 1372 1106 1684 1211 1442 1341 1000 1230 1807 1000 1000 1000 1000 1000 1000 1261 1880 1584 1052 1000 1247 1000 1064 1182 1022 1807 1660 1095 1378 1255 1000 1000 1495 1435 1026 1330 1509 1690 1026 1652 926 1337 1000 1116 1388 1041 1267 1743 1098
1131 1396 1106 1024 1605 1037 1420 1176 1077 1107 1000 1071 1000 1000 1000 2502 1264 1000 1000 1000 1000 1000 1539 1386 1004 1000 1324 1008 1582 1045 1184 2504 1332 1554 1653 1408 1247 1319 1465 1754 1049 1126 1078 1519 1106 1416 1039 1000 1133 1000 1389 1089 1000 1000 1183 1000 1360 1143 1084 1516 1371 1361 694 2576 1578 1126 1141 1000 2065 1146 1000 1006 1054 1000 1211 1297 1156 1247 926 1079 1336 1045 1033 1094 1755 1001 2288
1284 1000 1042 1000 1000 1139 1484 1879 1139 2640 1000 1412 1000 1859 2472 1049 1073 1000 1014 1000 1000 1000 1018 1026 1000 1325 1096 1384 1745 1906 1955 1125 1000 1799 1000 2677 1119 1562 1041 1059 1000 1904 1465 1118 1029 1307 1394 1218 1055 1449 1000 1000 1000 1000 2297 1232 1000 1380 1222 1128 1467 1109 694 694 2527 1878 2263 1477 1306 1189 1000 1178 1546 1002 1031 1000 1312 1145 926 1127 1059 926 675 1245 1546 1071 1065
1076 1462 1000 1376 1000 1214 1574 1708 1250 1303 1000 1572 1000 1507 1247 1005 1226 1357 1238 1342 1000 1298 1184 1114 1492 1000 1000 1646 2294 1434 1769 1000 1010 1397 1349 1133 1000 1000 1310 1000 1000 1683 1444 1055 1185 1046 2155 2600 1119 1250 1000 1000 1000 1000 1000 1034 1427 1130 1000 1277 2145 1095 1000 1001 1084 1015 1002 1003 1094 1024 1251 1098 1076 1068 1133 1066 1273 926 926 1541 1086 926 1000 1167 1204 1015 1258
1581 1000 1000 1319 1231 1147 1745 1000 1543 1000 1000 1154 1000 2634 1000 1304 1000 2609 1082 1000 1000 1000 1000 1158 1367 1000 1025 1847 1503 1108 1039 1501 1102 1906 1500 1523 1082 1536 1558 2231 1382 1129 1114 1270 1142 800 1623 1208 1217 1905 1000 1092 1000 1000 1000 1841 1136 1242 1189 1288 1000 1819 1647 1219 1396 1117 1387 1029 1864 426 1208 1005 1025 1365 1004 2194 1333 1673 926 926 373 175 1000 1000 1614 1001 1019
1416 1000 1035 2468 1439 1847 1000 1000 1305 1189 1874 1000 1078 1229 1019 1007 1204 1184 1000 1328 1000 1021 1200 1398 1667 1281 1000 1000 1000 1112 1508 1667 2344 1116 1129 1029 1242 1030 2005 1000 1035 1160 1105 1105 1649 800 800 800 1183 1086 1052 1000 1000 1000 1000 1000 1000 1000 1895 1000 1295 1458 1281 1552 1043 1080 1721 1785 1014 1898 1221 843 2494 1015 205 1000 1076 373 373 373 373 1139 1456 1302 1384 1541 1063
2100 1000 1136 1147 1110 1008 1000 1000 1070 1000 1053 1000 2911 1084 1000 1415 1251 1161 1000 1000 1972 1000 1200 1114 1119 1124 1069 1223 1258 1226 2224 1647 1904 1611 1000 1215 1024 1147 1000 1553 1547 1379 1182 2129 1392 1142 800 1649 1289 1025 2504 1000 1000 1215 1000 1000 1000 1000 1000 1232 1077 1107 1731 1159 1266 1366 1575 1011 1636 1069 843 227 227 227 1070 1004 1323 373 373 373 373 373 1003 1477 1018 306 1582
1000 1000 1123 1000 1240 1043 1049 1000 1000 1358 1000 1277 1348 1187 1000 1821 1141 1169 1015 1438 1190 1975 1000 1000 1953 1251 1112 1349 1044 1325 1422 1618 1011 1036 1070 1257 1178 1000 1000 1663 1866 1072 1284 1255 1616 1128 1851 1000 1079 1000 1404 1617 1258 1022 2458 1144 1000 1410 1000 1001 1868 1339 1022 1065 1217 1042 1390 1295 1121 227 227 227 227 1051 1000 1002 1057 373 373 1000 373 1123 1615 1222 1783 1041 1341
1000 1000 1588 1000 1000 1000 1000 1101 1088 1324 1059 1994 1622 2206 1898 1663 1275 1232 1065 1012 1126 1000 1151 1011 1000 1037 1372 1039 1303 1033 1011 1919 1146 1010 1119 1263 1274 1213 1000 1352 1000 1403 1243 1000 1000 1774 1633 2390 1000 1000 1000 2194 1072 1281 1519 1497 1350 1000 1000 1000 1227 1178 1321 1345 1411 1525 1296 1009 2133 1020 227 227 33 1158 1000 1058 1000 373 373 373 2234 1000 1270 1000 1379 1001 2466
1035 1586 2188 1139 1000 1000 1109 1000 1182 1315 1093 2468 1006 1330 812 1000 1231 1155 2234 1917 1000 1000 2010 1000 1245 1290 1141 1094 1258 1103 1089 1080 1173 1844 1120 1701 1484 1762 1000 1000 1137 2007 1236 1269 1000 1188 1001 1000 1386 1904 1010 1854 1032 1564 1065 1047 1077 1093 1157 1000 1078 1000 1870 1211 1009 2137 1136 1178 1301 1046 1011 1008 1084 1021 1174 1373 1004 1000 373 373 2512 1074 1028 1692 1568 1574 1425
1151 1262 1308 1000 1000 1000 1000 1606 1000 1124 1187 1077 1012 1001 1243 1444 1536 1193 1060 1137 1261 1120 1311 1000 1353 1282 1053 1102 1968 1083 1536 1180 1687 1079 1693 1413 1109 1012 1095 1000 1098 1714 1176 1083 1039 1000 1017 1436 1037 1098 1301 1000 1032 1088 1241 1129 1491 1062 1032 1486 1000 1791 1810 1279 1795 1146 1067 642 642 642 1217 1004 1009 1001 1472 1213 1155 1092 1743 373 1036 1101 1045 1204 1717 1102 1044
1000 1130 1205 1000 1479 1797 1000 1000 1129 1748 1266 1251 1496 1861 1063 1040 1027 1058 1623 1224 1000 1105 1000 1412 1802 1039 1104 1001 1008 1050 1688 1435 1009 1212 1393 1000 1000 1318 1000 1002 1221 1437 1000 1000 1576 2348 1000 1000 1049 1512 1117 1000 1000 1114 1514 1048 1056 1499 1571 1553 1514 1469 1539 1970 1012 1006 1308 1491 642 642 1285 1188 1025 1136 1474 1033 2161 1133 1135 1000 1000 1494 1107 1132 823 1089 2133
1000 1553 1000 1272 1592 1010 1315 1046 1000 1194 1000 1328 1488 1274 1576 2296 2843 1085 1644 1918 2144 1209 1700 1272 1056 1481 1001 1142 1037 1225 1052 1170 1075 1037 1609 1851 1267 1128 1040 1074 1000 1442 1036 1880 1322 1222 1253 1121 1137 1280 1467 1042 1000 1794 1181 1471 1000 1035 1030 1211 1376 1357 1741 1486 2719 1235 1231 1362 1135 1586 1859 1015 1152 1412 1330 1016 1077 1002 1000 1087 1000 2415 1005 823 823 1306 1899
1000 1000 1081 1000 2005 2328 1017 1603 1000 1000 1000 1211 1391 1152 1480 1330 1161 1351 1242 1221 1000 1228 1207 1038 2415 1746 1548 1424 1076 1036 1097 1820 2070 1289 1549 1098 1349 1215 1019 1000 1000 1000 1000 1589 1109 1000 1097 2145 1948 1302 1044 1362 1000 1133 1000 1293 1000 1090 1155 1026 1393 1054 1175 2065 1564 1615 1222 1094 1508 1397 1785 1450 1000 1130 1081 1140 1038 1222 1000 1000 492 492 135 823 135 2121 1059
1164 1272 1306 1459 1000 1027 1912 2740 1000 1000 1000 1091 1185 1255 1266 1000 1000 1806 1274 1203 1281 1765 1339 1024 1047 1074 1014 1060 1048 1014 1028 1114 1110 897 1513 1975 1250 1000 1000 1000 1000 1000 1617 1552 1593 1504 1261 1666 1040 1126 1520 1405 1336 1867 1000 1012 1232 1022 1006 1607 2091 1116 1436 1171 1760 1000 1142 1000 1050 2083 1129 1170 1452 1326 1666 1057 1413 1047 1096 1045 492 135 135 135 879 675 1039
1109 1000 1000 1228 1058 1127 2280 1039 1142 1012 1783 1159 1836 1607 1389 1363 1751 1207 1000 1276 1368 1112 2018 1006 1032 1077 1231 1970 1914 1005 1023 1467 897 897 1061 1224 1155 1023 1183 1071 1039 1453 1000 1838 1588 1150 1250 1028 1000 1102 1326 1744 1557 1443 1136 1521 1779 1474 1159 1288 1114 1969 1045 1141 1553 1000 1000 1422 1679 1018 1042 1000 1193 1402 1763 1507 1413 1506 2041 492 492 135 135 135 135 879 1081
1330 1028 1302 1548 1000 1028 1824 1239 1273 1313 1289 1040 1489 1833 1365 1067 1078 2288 1317 1478 1850 1054 1000 1189 1428 1070 1650 1769 1000 2252 1176 897 897 897 1024 1022 400 400 1346 1662 1117 1060 1000 1329 1301 1000 1000 1241 2410 1263 1284 1047 2525 1484 1729 1972 1052 1000 1024 2676 1318 1617 1362 1249 2096 1029 1019 1368 1735 1011 1202 1264 1122 1425 1067 1200 1440 1137 492 135 1000 135 135 135 879 879 1019
1006 1000 1000 1120 1188 1431 1134 2084 1781 1000 1000 1287 1299 1429 689 1701 689 1073 2462 787 1051 1365 1787 1283 2275 1102 1049 2007 1144 1250 2255 1241 897 1393 2201 400 376 400 1142 1034 1236 1427 1320 1016 1498 1929 1000 1158 1363 1773 1768 1211 2210 1002 1198 1065 1053 1044 1066 1114 1806 1214 1229 2196 1060 1470 1926 1994 1072 2373 1230 1018 1163 1682 1164 1658 1906 1201 1004 1000 94 94 1000 135 1167 1640 1035
1083 1000 2468 1586 1107 1278 2141 1497 1176 1127 1777 1042 1075 689 689 689 689 787 787 787 1208 1519 1169 1465 2880 1319 1249 1510 1226 1309 1392 1753 1380 2445 1031 1064 2308 400 2299 1000 1000 1806 1262 1484 1004 1671 1385 1823 1225 1131 1265 1069 1663 1279 1665 1021 1058 1005 1320 1142 1048 1690 1082 1162 1481 1167 1373 1285 263 1038 1153 1476 1113 1042 1349 1678 1329 2034 1003 135 1184 94 1075 1000 135 1380 1023
1609 1399 1558 1038 1942 1354 1339 1142 1229 1521 1191 1053 1309 689 689 689 1654 1115 787 787 1314 1921 2088 1459 2067 1000 1041 1160 1356 1740 1500 1076 1262 1023 366 366 366 366 1479 1611 1232 1308 1047 1038 1089 1475 1178 2666 1345 1501 1345 1389 1078 1497 1171 1422 2029 1136 1384 1030 1501 2011 1073 1353 1011 1161 1254 1351 263 1001 885 1023 1456 1511 1429 1261 1516 968 833 833 833 94 94 1401 1983 1034 1015
1080 1643 1000 1332 1000 2204 2088 1009 1179 1453 1007 1381 1000 1064 1077 1602 1026 1026 787 787 1421 1149 1256 1041 1184 1120 2009 1000 1000 1092 1239 1037 1066 366 366 1000 366 366 1210 1956 1241 1341 1167 1304 1578 2063 1183 1179 1042 1098 1341 1000 1352 1313 1799 1210 1361 1137 513 1085 1307 1000 1000 1691 1954 1306 1788 1629 1086 1152 885 1005 1046 1090 629 1343 222 222 222 1292 1025 94 94 94 1006 1248 1131
1243 1000 1077 1181 1767 1213 1132 1212 1877 1166 1112 1373 1000 1111 1330 1268 1147 787 1356 1044 1327 1630 2277 2305 1000 1154 1000 1389 2180 1012 1220 1000 1795 366 232 481 1051 1337 1633 1765 1028 1587 1160 1172 1188 1331 1000 1623 1178 1514 1271 1048 1006 1002 1077 1014 1028 1245 717 717 717 1037 1000 1452 1076 1525 1052 1077 1237 1150 1299 1033 1102 1040 1121 1060 1100 222 222 222 1000 1086 94 94 94 1289 1312
1456 1050 2868 1299 1890 1118 1003 1011 2066 1334 1051 1000 1100 1303 1314 1058 1040 1611 1096 1187 2196 2073 1403 1237 1877 1044 1863 1274 1039 1682 1178 1525 1165 1642 366 1000 1044 2037 1048 1096 1152 1005 1040 1161 1009 1677 1557 1878 1584 1849 1085 1003 1010 1236 1042 1068 161 161 161 1077 1107 1184 1518 1310 2268 1982 1018 1300 2000 1012 1226 1050 1164 1054 1057 1050 1004 222 222 222 1000 94 94 1328 1068 1031 1730
1113 1358 1035 1453 1318 1356 1096 1366 1000 2429 2081 1137 1722 1081 1018 1507 1033 1417 1042 1392 1080 1089 1145 1035 1983 1021 1056 1308 1095 1000 1384 2336 1547 1458 1536 1000 1004 1043 1060 1136 1481 760 1743 2151 2140 1079 1530 1301 2286 1445 2723 36 1044 1064 1195 161 161 1597 1224 1017 1075 1068 1549 2052 1417 1169 1188 1111 1255 1439 1010 2018 1000 1000 1068 1096 222 222 222 222 1000 1112 1637 1032 1064 1011 1642
1060 1240 1131 1238 1265 2051 1798 1599 2107 1196 1192 1306 1058 47 1004 1053 1775 1045 1090 1000 1018 1007 1009 1378 1384 1431 1003 1027 1284 1087 1160 1309 1365 1675 1885 1000 1000 1069 171 234 234 760 1623 1592 1559 1000 1013 1000 1245 1720 1224 1087 1411 1005 1070 1037 161 1302 1002 2329 1065 1358 1006 2229 2174 1171 1246 1094 1620 1670 1188 2453 1022 876 876 1686 1166 1291 1601 1013 1103 177 1016 1626 1110 1109 1057
1274 1019 1437 1097 1153 1465 1157 1299 1286 1035 1822 1805 1054 1012 1054 1005 1013 1056 290 1033 1000 1011 1095 2042 1936 1619 2348 1036 1623 1138 1782 1512 2370 1159 1402 1106 1000 1000 1117 1099 760 1053 1732 1186 1616 1855 1423 1839 1108 1134 1332 2378 1081 1096 1127 161 161 1010 1005 1143 1795 1141 1248 1215 1250 1371 1003 1862 1000 1797 1030 1279 1017 1274 2226 1073 1784 1117 1175 778 778 1031 1000 2688 1038 2132 2359
1392 1605 1204 1955 1427 1491 1087 1740 1185 1531 1078 1013 1222 1243 1033 1180 1014 1078 1043 1150 1376 1032 1731 1087 1261 1068 1394 1069 1097 1102 1054 2409 1093 1651 1054 1036 1049 1000 1000 492 760 1307 2182 1714 1817 1239 2366 1178 1421 1095 1217 1236 1076 1047 1250 161 161 1126 1029 1028 1000 1365 1203 1031 1108 1065 1105 1157 1777 1491 1231 1628 1003 2105 1550 1250 1010 1017 1000 1001 1055 1157 1000 1013 1122 1211 1032
1292 1603 1165 1117 1789 1219 1230 1220 2034 1020 1004 1405 1093 1183 1079 2510 1040 2217 1171 1028 1803 1070 2864 1193 1038 1827 1001 1259 1025 1132 1242 1292 1106 1142 1001 1687 1019 1033 1000 63 760 1165 1018 1187 1114 1024 1104 1352 2996 1031 1558 1054 1334 1541 1015 1680 1026 1016 1147 1046 1296 1432 1600 1080 1335 1227 1168 1414 1787 1022 1005 1012 1016 1224 1061 1127 1021 1035 1120 1028 1434 1021 1069 1081 1409 1019 1049
