Deprecated/Runs/Demo/Input/Initialization/Age.txt
ncols 100
nrows 100
xllcorner -59982.863281
yllcorner 1851083.022172
cellsize 1000.000000
NODATA_value -9999
[rows 38 to 75 of 100, columns 0 to 86 of 100]
1476 1115 1208 1339 1497 1168 1132 1360 1196 1000 1273 1052 1847 1362 1723 1061 1531 2314 1053 1026 1038 1059 1020 1122 1025 1104 1192 1175 1122 1279 1417 1541 1707 1024 1040 1026 1489 1032 1015 1000 1000 1031 1423 1675 1573 1201 1000 1754 2796 1776 1624 1331 1066 1139 1426 1171 1916 1102 1001 1856 1173 1006 1038 1097 1102 1008 1048 1066 1204 1345 1051 1018 1198 1297 1165 902 902 1066 1015 1467 1727 1440 1408 1004 1014 1037 1014
1651 1344 1340 1067 1044 1725 1796 1018 1041 1015 1286 1105 2277 1180 1080 1097 1137 1596 1469 1310 2530 1062 80 1788 1177 1036 1185 1069 1000 1043 1067 1012 2242 1097 1063 1023 1512 1988 1032 321 1000 1000 855 855 1073 1359 2857 1028 1031 1618 1334 1249 1260 1290 1232 1056 1348 1694 1011 1106 1017 1000 1147 1092 1764 1232 1102 1099 1287 1333 1169 1043 1436 1133 902 841 902 902 1009 1026 1077 1086 1100 1083 1039 1710 347
1023 1052 1987 1283 2065 1301 1380 1426 1029 2049 1613 1094 1167 1263 1131 1061 1015 1256 1017 1614 1259 1057 80 2972 1003 1582 1073 1167 976 661 1016 1085 1027 1346 1291 1070 1060 1174 1006 321 321 1063 1000 1000 1009 1019 2201 1580 1865 1149 2471 1507 2252 1031 2398 1126 1040 1018 1037 1080 1340 1950 1748 1402 1275 968 968 1111 1309 2847 1082 1036 1266 1473 2108 841 1010 902 1499 1148 665 1404 1010 1023 347 347 1099
1010 1032 1002 1011 1017 1653 1575 1018 1008 1788 1069 1418 2355 1137 1520 1089 1691 1133 1442 1253 1049 1157 1079 1213 1567 1752 1012 1029 661 661 1025 1062 1023 560 1885 1175 1000 1973 1245 2916 1055 1618 1083 1000 657 657 1473 1384 1563 1161 1155 975 1000 1382 2100 999 1474 1004 1018 637 637 1000 1989 1530 2068 1000 968 1200 1551 2227 2242 1549 1099 1110 841 1285 1220 1513 1563 1154 665 665 1248 1088 653 347 1098
1125 1138 1201 1414 1286 1568 1039 1032 1049 1035 1297 1012 1139 1558 1481 2375 1084 1054 1387 1545 1102 1316 1131 1285 2257 1892 1000 1409 1878 1000 1000 623 623 1347 1345 1071 1075 1621 1470 1476 1037 811 1000 1000 1000 1011 1008 1159 1088 1316 1006 340 60 60 60 1035 1000 1034 1480 1032 1072 1404 1961 1000 1324 2092 1124 1484 1189 1000 1000 1079 1137 1136 1368 1873 1128 1122 1038 1000 2584 665 665 665 653 347 828
1195 1579 1853 1929 1280 1394 1050 2065 1350 1316 1533 1069 1329 1167 1000 1122 1576 1062 1291 1205 1512 1381 1259 1004 1592 1474 306 1712 963 1331 1237 1057 1209 1478 1348 1549 1045 1326 1299 1035 1018 811 811 1000 1000 1006 1009 1071 1093 1037 1044 340 560 1004 2126 246 1056 1316 1134 1275 1107 1268 1154 1979 1000 1000 1801 1000 1327 1000 1163 1000 2047 1337 1054 1663 1144 2239 1205 1000 1636 665 374 665 653 1000 828
1769 1000 1000 1000 1032 1699 301 1369 1176 1419 1326 1292 2151 2222 1013 1470 1994 1012 1762 1004 1220 1106 1103 1004 1031 1663 306 1082 1066 1230 1544 1854 1178 1015 1021 1575 1120 1170 1372 1322 1329 1103 1227 1137 1000 1000 1000 1432 1021 1030 340 340 340 560 1131 246 246 246 1133 1518 1000 2083 2051 1150 1200 1295 1159 1049 1324 1000 1000 1538 1225 1000 1279 1105 1147 1117 1000 1070 1040 1047 374 1050 1031 1000 828
1845 1014 1000 1096 1054 1018 1025 1121 1035 1192 1453 1134 1053 1243 1586 1122 2076 1054 1254 1148 1268 1189 452 1233 1408 1012 1845 1042 1390 1352 1988 1257 1999 1062 1410 1532 1069 1587 1043 1172 1686 1077 1391 1333 1000 1000 1000 1000 1063 1731 1287 1030 1214 1430 1088 1192 1621 246 246 1610 1602 1037 1581 1048 1064 1143 1245 1023 1003 1198 1000 1156 1986 1406 1857 1069 1012 2445 1119 1177 1202 1703 374 1038 1000 1069 88
1030 1390 2908 1384 1449 1053 1023 1566 1003 1513 1463 1208 1412 1076 1006 1435 1283 1538 1537 1076 1387 2069 1584 1119 1154 1000 1580 1130 1611 1030 2078 1357 1038 1029 1670 1398 1461 1124 2067 2098 1505 1222 1071 1237 1059 1000 1000 1000 1020 1322 1060 1010 1150 1071 1089 1804 1411 2793 1054 1280 1584 270 1601 1010 1260 1211 1238 1064 1597 1448 1181 1438 1200 999 1082 1300 1214 1212 1264 2352 1096 1027 1049 1015 1001 828 309
2166 1854 1811 1137 1001 1865 1148 1197 1042 1177 2253 1054 1245 1133 1689 1611 1703 1233 1318 1105 1573 1096 1610 1857 1167 1038 1104 1141 1093 1343 1662 1026 1073 2023 1087 1898 1025 1019 1508 1081 1152 1450 1567 1205 1288 1000 1000 1000 1326 1737 1063 1070 1155 1207 1010 1143 999 1207 1155 2208 2013 270 1017 1064 1986 2274 1139 2899 1068 1055 1028 1322 1590 1213 1188 1162 1099 1391 1145 1818 1200 1380 1303 1009 1191 1277 309
1974 1561 1190 1020 1015 1556 1053 1323 1010 2761 1154 1639 1036 1106 1294 1999 1939 1287 1600 1678 1199 1425 1104 1026 1185 1621 1164 660 1282 1413 1316 1041 1077 1089 2589 1512 1523 1039 1042 1310 1015 1258 810 1692 1471 1000 1000 1000 1000 1618 1196 1000 1010 186 1067 1265 1021 1398 1693 1489 1895 335 1006 1072 1000 1090 2236 1240 1392 1112 1061 1217 1594 1093 1059 1636 1276 1086 1201 1352 1021 1536 1098 1421 2040 1004 1401
1711 1218 1297 1084 1019 115 1054 1233 1212 1649 1169 2000 2209 1105 1047 1506 2059 1113 1046 1204 1618 1106 1602 1028 1087 1323 660 660 1369 1155 1227 1060 1055 1011 1446 1351 1850 1643 1053 1005 1146 1033 1018 1037 1029 1000 1000 1000 1019 1321 1195 1013 1057 1009 1113 1014 278 278 335 335 335 335 1114 1206 1006 1179 1259 1383 1420 1107 1040 585 698 1055 1011 1210 1036 1023 1052 1181 1006 1090 1395 2188 1236 1349 1102
1161 1791 1219 1339 1412 115 115 1019 938 1000 1465 1160 1884 1406 1023 1002 1150 1126 1914 1664 1323 1002 1851 1025 2376 1446 660 2284 2067 1018 1047 562 1016 1017 1053 1010 1034 1085 1038 1125 1553 1138 1004 712 1214 1039 1000 1677 1903 1090 2215 1103 1015 1208 1207 114 278 278 278 199 199 199 1011 1005 1098 1637 1054 1142 1014 1031 1030 1111 698 1803 1914 1004 1136 1043 999 1481 1046 1395 1038 1289 1292 2891 1013
1797 1063 1101 1021 1232 115 1000 1373 472 1355 1586 1075 317 317 1187 1945 1271 1213 1131 1173 1274 1101 1192 1002 1203 1806 1023 580 2180 1179 1143 1050 1291 1021 1009 1010 1004 1316 1616 1005 1037 1100 1017 1071 1113 1414 1058 1568 1065 671 1000 1292 2303 1006 1140 278 1026 278 278 1030 1008 199 199 199 1004 1034 1020 1002 1135 1061 2117 1027 1374 1106 1010 1019 1225 2436 835 835 1123 835 1306 1366 1486 1178 1290
2197 1196 1504 1117 1011 1202 1014 422 472 317 317 317 317 317 1071 1576 1339 1029 1109 1013 1120 1023 1051 1114 1188 2453 1180 580 580 1313 1166 1041 1036 1013 1060 1032 1221 1146 1722 1020 1050 1036 749 1113 1347 654 654 1353 1066 671 243 1001 1023 1060 1262 1238 1006 1227 1056 1280 199 199 1147 1008 1653 1061 1103 1405 1041 1006 996 1003 1027 1155 1195 1056 969 1072 2359 1448 773 773 1059 1013 1402 1237 1017
1241 1227 1266 1088 1649 1009 1150 2222 1000 197 317 257 257 257 1030 1179 1139 1520 1486 1257 1459 1028 1682 1000 1599 1634 1270 580 580 496 1583 1106 1072 1002 1028 1022 1041 1261 1011 1004 1615 1374 749 975 1000 654 1000 1134 1017 671 671 1007 1028 1077 1040 1069 1060 1045 1155 1022 199 199 1522 1570 1000 1045 1058 1058 1061 1017 1026 1251 1129 507 912 912 1063 1008 1064 1092 835 773 835 835 1081 1093 1191
12 1000 1005 1000 1119 1069 1058 1034 465 197 257 257 257 1458 1003 1858 1045 1049 1030 1055 2036 1534 1678 1059 456 795 795 1508 1241 496 1030 1001 1015 1036 1093 1035 1341 1033 1015 1178 1023 1010 1027 975 654 654 2822 654 1039 1584 1040 1182 1007 1047 1081 1030 1043 1792 1143 1093 1002 1113 1249 1076 1116 1017 1006 1003 1290 1008 1022 912 507 507 507 912 1010 1089 1002 1206 835 835 835 835 835 1457 1399
12 1018 1134 897 1018 1095 1032 1375 721 1037 1149 1266 2107 1033 1024 1098 1023 1035 1294 1128 1038 214 1163 1557 1172 1539 1107 1025 1140 1000 1023 1012 1009 1136 1183 1009 1031 1102 1058 2063 1460 795 1105 1672 654 654 46 654 912 1588 1672 401 1018 1061 1008 1108 1140 1011 1079 1041 1026 1021 1288 1021 2021 1361 1127 1001 1053 1139 1013 1035 912 912 188 912 1107 1173 1387 1052 1267 835 835 1180 1078 1196 1243
1056 1004 1094 1063 1056 1137 1022 1002 1298 1596 1055 1067 1256 1110 1003 1403 1072 1093 1364 1414 1156 1007 1074 1020 1588 1015 1419 1000 1000 1457 1032 1098 1073 1708 1012 693 1480 1047 1168 1005 1133 1246 1057 1073 1043 1443 1721 1108 1161 1006 1416 1102 261 261 1031 988 1122 1040 1043 1006 1243 1135 1684 2516 1872 1189 1031 1031 1059 1045 1459 1079 912 912 188 188 912 912 912 1022 1152 1084 1006 1147 2936 1241 1049
1237 1005 1061 1520 1055 1041 1253 1561 1138 1716 1047 1520 1013 1340 1195 2059 1125 1085 1097 1061 1410 1503 1226 1240 1094 1477 1028 1000 1000 1043 1163 1051 1015 1024 1035 1663 1006 1412 1045 1087 1274 1229 1080 1024 1745 1015 1008 201 1032 1171 2809 1916 261 1016 1600 988 1171 1402 1411 1055 1029 1036 1268 1802 1036 1918 2907 1003 1081 1101 1088 1019 2363 1022 912 912 912 912 765 1031 1021 1033 1154 1605 1990 1307 463
1036 1825 1012 1062 1650 1004 1058 1664 1000 1030 1008 1249 1321 1385 2031 1069 2112 1639 1198 1551 1186 1038 1348 1766 1023 1018 1031 1248 1000 1506 1556 1050 1019 326 1040 1198 1090 1055 1005 1073 1621 1128 1189 345 1019 1090 201 201 659 659 659 1573 1034 1207 1003 1014 1037 1874 1382 1231 973 1012 1039 1248 1663 1018 1359 1482 1006 1635 1001 1007 1095 1083 1074 1037 1044 912 225 225 535 1094 766 1132 1028 2227 106
1609 1085 1887 1308 1960 1424 103 26 138 138 1147 1060 1000 1297 1152 1736 1018 1091 1023 1078 1024 1425 1212 2342 1721 1513 2194 1008 1000 1000 326 326 326 1058 1029 1022 1014 1524 1010 1024 1000 699 1348 345 1100 1031 1339 1030 1014 1447 1248 1280 1174 1782 1445 1407 218 218 1187 1800 973 1075 1004 1012 1488 1820 1032 1050 1246 1053 1100 1007 1051 1131 1348 1317 1023 1017 225 225 1143 1314 396 766 766 106 106
1138 1939 1947 1085 1076 2249 26 26 1074 1084 1663 1249 2266 1038 1586 1000 1026 1017 2633 1000 1209 748 1105 1007 1265 1245 1108 1000 1869 1000 1000 1003 1048 1023 1846 1000 914 914 402 2497 1393 699 1032 345 345 1320 1506 1097 1038 1061 1531 1422 2011 1001 1297 218 218 218 1579 1844 1035 1344 1171 1051 1213 1049 1117 1003 1020 1009 1039 64 1455 1534 1382 1421 2346 1161 1788 1024 1025 1326 1083 2020 766 106 106
1092 1530 1364 1015 1098 1016 1120 1072 1056 1390 1081 184 1216 1018 1408 1048 1744 1346 1077 1391 1010 1630 1040 1140 1015 357 357 1014 1620 523 1000 1000 1000 1013 1030 1076 1019 914 402 914 1000 1030 1034 1051 1040 1099 1402 1007 1030 1077 1487 1000 1022 1026 218 218 1323 218 1689 1002 1117 1005 1185 1170 1024 2365 1059 1105 1037 1839 64 64 64 1328 1101 1017 1316 1052 1349 1439 1148 1063 1698 766 766 766 119
1520 1474 1073 1004 1085 1093 1528 54 54 1737 2663 184 1114 1046 1039 1230 1379 1108 2101 1000 1146 1488 1093 1123 1086 1053 1026 1205 523 523 2741 1063 1373 2782 1017 1045 1002 1005 914 867 2249 1006 1048 1001 1065 1069 1247 1023 1478 375 1179 1069 1028 1014 218 218 1103 218 1011 1292 1688 1755 1001 1104 1005 1367 1210 64 64 64 64 1623 64 64 64 1022 36 36 36 1382 1179 1420 616 616 616 766 766
2336 1085 1070 1073 2135 1094 2814 1002 1283 2133 1220 1079 1053 1070 1000 1001 1897 1056 2134 1638 1005 1795 1151 1076 359 359 359 1639 505 1250 1105 1006 1390 1061 1206 1139 1695 1112 1535 1163 1023 1093 1032 1305 1332 1060 1066 1019 1321 1028 824 1060 826 826 1002 4 218 218 1118 1238 1719 1171 1265 1288 1049 1143 1276 64 64 64 1054 1104 862 1105 64 64 36 36 1093 1038 2321 1048 616 616 616 616 616
1000 1288 1483 1211 1696 1357 785 1249 2222 1504 1083 1160 1315 797 797 1000 1006 1008 2093 1000 1028 1142 1001 1023 1469 1057 505 505 1021 1149 1015 1068 1066 1115 1807 177 1060 1342 1009 1009 1077 1188 1018 520 931 824 824 1144 824 824 824 1156 1610 826 1547 1201 218 1009 1100 2268 1087 752 1008 1025 1080 1017 1456 1342 501 501 501 1029 228 228 228 228 36 1018 1105 1006 1273 1582 1363 616 616 616 616
1368 1305 2015 1228 1075 2409 1259 2116 1608 1314 1861 1066 1071 1066 1040 1006 1228 1235 1460 2547 1017 1036 1350 1091 1117 1290 496 1103 1035 1005 1002 1143 150 1010 1063 177 1084 1003 1007 1060 1434 2096 1034 1121 1024 824 824 824 824 1179 1261 1053 1302 1704 826 323 1025 1009 1017 1102 1271 1317 213 213 1418 1088 1427 1129 1406 1004 1089 1009 154 228 1073 1020 64 1005 1049 1230 1014 1075 1471 1769 616 616 1000
1018 1735 1538 1079 1336 1227 1000 1223 1458 1859 1028 1121 1426 1018 776 1009 1483 1045 1259 1118 1000 1014 1920 1255 1375 1091 1089 1133 1150 1757 1509 1069 150 1155 1015 177 1025 1022 1626 1249 380 380 380 1031 1048 824 824 824 824 1175 1277 1603 475 475 1081 1483 1039 1030 1301 1126 1007 1024 1141 213 2172 1029 1045 1005 1312 1188 1046 1050 77 154 154 1084 1051 1100 1716 1195 1383 1406 536 1768 1102 1192 1019
1149 1192 1024 1025 2755 1788 1204 1330 1369 1184 1046 33 71 1028 1064 1000 1105 1079 1069 1052 1809 1381 1549 2049 1006 1000 1746 1000 1248 1285 1343 1091 1290 485 485 1630 177 1898 799 799 380 380 1057 1171 1477 1015 824 824 1052 1558 1627 1441 1194 1074 1394 1148 1104 1142 380 380 380 380 1010 1073 1000 1223 1122 1148 1019 1042 1013 77 77 862 862 1013 1004 1009 1122 1071 1520 1558 1739 1162 1455 134 134
1005 1476 1584 1018 1215 1984 1022 30 1578 71 71 71 71 1073 1291 1001 2053 1038 2248 1051 1935 1019 1008 1341 1179 1000 1030 1613 1362 1267 1448 1144 1021 1996 407 407 1018 1107 1171 689 380 380 824 270 270 824 824 824 1200 1005 1166 1087 201 1514 667 385 667 380 380 364 380 380 380 380 1145 2100 1122 136 136 1248 948 948 862 862 313 961 6 6 6 1298 1341 1332 1411 1218 2052 134 1036
1215 1342 1220 1050 1211 1092 1014 701 71 71 71 71 71 71 71 1314 1008 1417 2017 1068 1676 1022 2399 1265 1000 1004 1204 1122 262 1375 1023 1068 2030 113 407 1233 1044 1710 1031 1066 380 380 1226 270 824 824 824 824 201 201 1684 1055 201 201 385 385 385 44 380 380 380 380 380 380 380 380 136 136 136 948 948 948 862 862 6 6 6 6 6 1368 1017 1888 1383 2610 1251 1682 1056
1207 1079 1104 1325 2182 2250 1050 71 71 71 77 71 71 71 71 1061 1250 1086 1034 827 827 1159 262 1003 1455 595 262 262 262 113 113 113 113 113 407 407 407 1096 1708 689 689 1028 993 1032 1021 824 1846 1016 1081 201 201 201 201 201 201 646 646 380 380 380 380 380 380 380 856 380 136 136 1712 136 136 862 515 298 6 6 6 298 1000 513 513 1291 1405 1561 1375 1027 1072
1236 1046 93 1572 1495 1500 595 595 71 71 71 77 71 71 1243 1901 1589 1029 1000 827 262 262 262 1617 1010 595 262 262 262 262 310 113 113 113 256 407 407 1536 2972 689 689 993 993 993 993 824 1891 1002 1266 201 201 201 201 201 201 646 496 380 380 380 380 380 380 856 856 136 136 136 136 136 136 862 515 6 6 6 6 6 6 6 298 1162 1022 1331 1024 1759 1579
1186 595 1487 1010 1041 595 565 350 71 71 71 71 1003 13 13 1000 2747 1004 1080 1506 1854 262 262 262 262 595 262 127 1413 113 113 113 113 105 105 407 1840 1115 977 1022 1059 1057 993 1000 1067 1009 2811 1004 1011 1019 201 1127 1249 1009 1119 1100 1035 496 496 496 380 380 380 1058 856 136 136 136 136 136 136 515 948 862 6 6 6 107 6 298 298 298 298 1129 1583 1476 1060
1016 2227 595 1786 1038 595 595 595 350 77 77 77 1126 13 13 13 1006 1245 1245 1056 1085 1369 262 262 262 262 262 262 127 127 113 113 275 105 105 105 1113 1077 1143 1640 1396 1193 993 993 1000 1080 1067 1069 1022 1135 1014 1057 1029 1636 1006 1152 1018 496 2097 496 496 380 380 1243 65 65 425 136 136 136 136 515 641 15 6 6 6 107 107 298 298 999 1065 1175 948 948 1816
1005 595 595 1262 595 595 595 595 749 2647 77 77 77 77 1043 13 1528 1032 1049 1026 1218 262 262 493 493 493 262 262 127 127 127 127 113 113 105 105 310 1494 1036 1330 1193 1262 1434 1029 1019 1111 1521 1021 1047 1043 1073 1056 1033 1047 1013 1020 1004 1110 1326 1400 1263 1060 1343 991 65 65 65 136 136 136 515 515 515 515 313 298 6 880 903 541 298 903 1426 1102 948 948 948
595 595 595 595 595 595 438 595 1018 749 77 77 77 77 1000 1068 1024 1045 1015 1041 1008 1033 1051 1045 493 1005 493 262 127 262 127 127 127 113 105 310 310 310 310 1024 1001 395 1398 1091 1000 1013 1026 1012 1717 1076 1057 177 1007 1019 1035 1002 1024 1031 1059 252 1052 1022 1603 991 65 65 65 136 136 301 301 515 515 515 457 298 298 298 903 541 298 298 298 298 298 948 948
