Runs/TestCases/Input/Age.txt
ncols 100
nrows 100
xllcorner -59982.863281
yllcorner 1851083.022172
cellsize 1000.000000
NODATA_value -9999
[rows 0 to 41 of 100, columns 0 to 92 of 100]
736 505 592 458 1641 606 533 1950 808 400 645 1203 1136 400 1694 400 400 400 496 1038 800 480 703 1493 400 413 445 585 400 1341 1943 768 596 10 10 507 1157 830 1092 606 535 400 1039 874 537 769 509 460 1407 463 488 430 1222 1815 568 476 874 752 479 499 597 400 726 1301 466 1122 446 501 423 588 1108 446 605 921 1088 655 601 1065 632 673 471 636 2029 1229 430 460 1265 868 1107 1255 455 712 935
876 413 1620 1931 427 525 620 400 885 556 400 400 584 462 614 816 400 400 400 919 1368 790 412 1578 2085 466 1546 400 1007 400 437 400 1731 851 10 354 526 1036 580 870 481 1212 400 210 486 639 521 572 666 438 403 413 466 511 1142 513 455 498 679 605 411 505 793 400 2018 49 460 1177 400 411 453 980 770 413 407 843 696 459 569 1005 432 1001 530 1263 555 859 493 496 574 444 400 592 947
1324 1153 1955 400 445 400 451 1204 494 1569 400 439 2197 954 761 535 400 400 400 684 968 561 604 522 605 474 448 480 952 400 414 568 759 400 802 354 437 587 722 524 1431 400 400 210 401 911 591 745 461 698 849 1097 1171 1519 544 588 1229 462 400 484 779 1131 49 49 49 49 852 556 453 1992 753 400 434 400 426 811 507 499 528 969 459 1148 507 552 603 508 474 521 1770 643 400 584 994
506 755 547 762 557 562 855 803 735 1049 400 400 400 987 400 710 400 400 2127 1212 1200 1013 232 232 579 540 2281 925 1516 400 400 400 400 400 432 354 400 781 519 400 452 706 924 210 210 581 1066 499 1128 438 559 615 1494 1274 1173 702 462 453 429 529 402 835 49 1392 49 755 438 415 437 614 693 266 266 499 402 541 529 462 1985 531 1420 451 478 404 895 434 1087 429 923 605 472 661 564
1209 1617 962 579 476 636 1475 510 758 605 400 1195 443 716 605 400 1380 400 400 400 977 1507 232 232 771 636 684 415 1653 1164 711 400 784 779 473 354 354 485 902 400 539 1358 665 210 508 490 753 451 422 435 898 416 475 1026 1149 959 746 1341 925 629 521 400 49 411 49 402 998 529 400 490 400 469 594 717 403 1404 787 457 422 798 1361 619 427 455 1263 443 534 641 1134 400 664 655 399
550 552 827 420 513 419 548 584 2145 826 400 400 921 412 1051 465 1495 736 400 400 662 1267 772 810 539 852 1412 1694 519 1358 400 400 400 820 486 400 926 1147 400 400 400 400 400 210 557 663 487 683 1212 463 457 896 404 549 400 519 869 707 414 922 886 985 2082 49 49 464 763 420 400 436 431 457 400 400 606 400 507 1500 404 437 633 818 412 484 480 1254 1420 978 721 400 400 683 447
1071 1131 790 479 520 1004 1090 963 572 1389 438 400 911 400 400 572 421 400 400 400 400 689 400 740 494 1139 971 400 408 1010 400 400 428 554 400 911 596 400 400 400 400 400 443 210 735 509 430 1501 702 1107 1141 1515 493 436 502 345 1154 1385 609 421 577 1034 467 728 453 535 1329 437 1139 413 786 403 499 883 400 490 521 419 434 588 1568 524 409 416 445 437 779 400 400 1106 464 850 571
400 2033 400 64 1264 1527 565 876 930 1228 783 841 1159 400 1265 400 1333 400 535 400 400 877 1077 881 457 490 1091 400 400 400 400 400 400 413 790 675 1822 400 400 1022 400 469 320 320 320 677 411 412 742 400 420 400 400 420 857 345 345 455 1313 2237 612 415 491 480 481 1520 668 646 523 1522 505 400 434 507 168 883 168 168 416 499 875 406 1088 427 683 1255 453 1125 629 778 566 495 461
400 696 411 64 570 635 595 1028 820 736 982 1463 502 400 400 400 1107 400 400 400 400 417 400 694 461 400 1130 462 1295 400 400 556 400 400 400 400 400 400 400 571 468 1235 320 320 2050 870 2029 523 1392 1152 705 400 400 574 1261 507 1424 1291 922 424 1087 641 1263 758 525 400 580 783 1127 1294 450 404 168 168 168 168 168 168 404 429 622 465 815 564 717 523 573 960 400 755 539 613 478
511 511 418 438 573 483 415 1122 573 668 400 1264 1221 400 400 400 400 400 750 400 400 400 400 561 798 400 430 400 608 1116 628 472 471 400 400 400 400 400 400 400 771 869 734 932 757 423 626 412 770 563 1741 976 1792 60 783 628 456 400 803 401 400 578 412 743 434 419 630 761 1720 614 515 406 423 400 168 168 168 425 648 1284 446 1015 1531 782 400 443 818 1831 400 644 595 400 774
400 1017 1379 400 1304 1271 1009 462 920 400 400 400 1199 1343 550 870 1001 400 400 400 400 400 678 1406 599 686 576 400 400 400 618 673 987 715 595 400 400 765 885 879 440 1354 520 1306 400 1004 618 400 400 400 400 400 400 628 693 675 637 400 1131 400 588 485 1241 508 904 1190 524 415 400 400 40 718 148 960 433 168 168 541 675 1168 400 1395 623 495 435 1737 463 400 400 521 1107 941 852
610 712 523 432 474 958 493 1427 1181 1491 400 1564 400 400 400 949 2367 400 400 400 400 400 697 774 1113 400 538 589 1060 646 30 30 533 1150 430 560 584 1531 562 402 1394 972 827 513 1269 754 663 400 456 400 709 620 400 400 1933 400 810 491 806 736 914 965 446 1497 556 1071 574 400 1568 934 400 451 148 400 557 1200 168 745 621 677 671 491 484 663 592 892 573 400 1210 862 646 1003 600
861 400 281 400 400 1136 603 700 400 964 400 721 400 562 448 463 533 400 431 400 400 400 725 243 400 903 958 490 681 463 927 30 400 536 400 593 1284 653 585 428 400 1149 603 490 432 1390 781 485 792 573 400 400 400 400 658 516 400 536 1510 423 1185 536 473 745 608 1561 625 488 403 822 400 790 422 404 1046 400 449 753 431 582 456 478 444 461 438 1019 446 569 993 640 795 861 1568
1216 899 400 527 400 746 1071 454 626 512 400 552 400 549 426 685 711 514 809 849 400 529 674 243 505 400 400 783 759 584 447 400 576 514 784 742 400 400 580 400 400 475 407 1220 464 934 787 524 776 162 400 400 400 400 400 589 868 424 479 406 576 644 400 561 450 436 411 415 405 400 403 420 447 434 1183 412 423 663 485 791 488 479 400 407 739 1052 627 526 1234 434 538 711 918
453 400 400 1607 1036 423 1090 400 428 400 400 647 400 409 400 488 400 738 2231 400 400 400 400 243 859 400 515 521 1367 689 799 523 405 805 631 524 988 135 633 419 861 1348 464 1272 951 879 732 811 124 162 400 776 400 400 400 408 585 466 604 621 400 677 462 673 466 482 741 403 1688 473 796 422 1239 1235 416 1282 878 1018 443 478 401 472 400 400 1746 1091 1331 992 801 400 922 456 535
845 400 557 659 613 1366 400 400 796 412 401 400 1080 803 418 656 1568 1259 400 771 400 677 450 702 674 888 400 400 400 913 1121 2385 1241 473 674 412 774 135 135 400 795 135 770 1387 578 1254 1258 1480 858 473 1024 400 400 400 400 400 400 400 688 400 578 645 1238 744 449 430 552 679 694 1295 450 447 560 760 408 400 473 457 674 413 1074 821 1186 1108 433 422 459 401 1126 926 1221 1470 586
801 400 690 433 1434 654 400 400 588 400 1507 400 724 610 639 1643 741 641 400 400 601 400 446 1432 574 1017 545 502 540 1470 1337 493 950 643 400 1067 488 357 400 135 135 492 684 811 491 748 964 516 1415 644 1152 400 400 640 400 400 400 400 400 1307 568 466 629 590 518 1495 405 819 2099 487 472 420 816 1393 400 400 460 877 438 577 428 416 417 682 1021 409 1285 428 477 1709 743 503 1003
400 400 583 400 1457 660 451 400 400 465 400 808 1262 529 400 439 782 567 1464 932 1274 432 400 400 629 759 562 446 1034 789 862 687 524 533 600 560 708 400 400 954 653 1101 693 1893 645 403 628 400 686 400 551 482 892 540 483 425 400 950 400 586 800 641 494 1185 573 593 865 755 616 443 412 922 506 463 400 456 431 430 422 400 621 1264 418 1170 495 421 764 485 400 607 508 485 490
400 400 766 400 400 400 400 433 565 1578 762 850 672 441 1196 608 722 1337 484 657 1451 400 401 515 400 484 470 741 1699 444 1484 404 495 946 576 538 1507 711 400 973 400 477 915 400 400 588 498 1515 400 400 400 623 514 601 566 823 414 400 400 400 2146 664 992 1090 978 1509 966 543 440 440 418 403 542 432 400 482 400 441 431 423 948 400 548 400 452 432 1168 404 879 405 406 924 407
731 463 502 747 400 400 1000 400 488 1107 525 674 461 480 1045 400 1271 586 933 458 400 400 675 400 735 415 1296 1204 515 501 408 552 1921 745 528 739 475 421 400 400 1111 613 424 1186 400 637 665 400 543 1032 623 798 819 887 838 760 1320 963 680 400 658 400 536 1080 1226 771 755 815 517 476 417 435 429 483 405 415 404 400 437 469 416 408 920 555 704 676 409 418 753 540 955 620 549
616 512 754 400 400 400 400 681 400 478 479 467 1114 427 533 404 748 431 851 441 371 1924 723 400 428 646 1027 1108 1144 402 736 1793 1250 1092 846 1017 617 694 877 400 1290 1080 434 758 659 400 581 570 450 1546 551 403 872 1184 1026 428 643 1618 643 844 400 478 1353 847 845 436 402 435 429 1441 1169 432 405 460 628 1176 415 443 442 400 676 500 435 749 877 420 955 537 1514 1314 494 820 400
400 1752 648 400 824 685 400 400 455 406 853 511 500 1407 619 406 747 812 1335 554 400 405 400 1223 568 497 573 604 416 468 496 569 733 424 610 400 400 407 400 884 1164 501 400 400 834 588 400 400 457 1451 1016 400 400 402 1100 1069 486 799 1530 633 1819 1120 693 814 430 401 747 1106 426 494 445 474 527 484 767 429 948 1018 472 400 400 869 533 1031 431 486 462 487 764 478 955 566 736
400 668 400 733 690 809 505 821 400 838 400 453 731 472 470 641 939 639 658 427 785 809 496 482 1353 675 478 451 481 510 684 1684 786 511 887 408 720 575 412 870 400 1143 430 488 457 924 593 975 410 932 431 698 400 505 1392 876 400 847 634 477 1599 635 778 495 485 657 492 1106 592 598 995 430 443 921 2042 405 438 838 400 1310 400 741 497 519 466 487 1250 518 406 400 522 423 404
400 400 1652 400 401 650 873 465 400 400 400 487 502 903 443 964 650 530 514 784 400 521 785 994 696 937 678 1381 403 553 477 402 515 537 451 725 927 2345 506 400 400 400 400 405 2105 400 403 598 744 724 444 504 400 811 400 436 400 417 1631 445 619 1699 1116 781 839 566 479 807 2051 813 1357 878 400 917 459 1059 1838 1479 400 400 401 501 470 949 464 941 418 880 692 870 502 698 1190
1708 571 1158 1030 400 1046 850 1179 400 400 400 1473 424 460 472 400 400 1209 480 791 889 417 518 503 803 706 440 591 1528 678 489 530 471 431 588 393 393 400 400 400 400 400 477 596 1236 579 1035 455 455 980 1046 799 924 1330 400 594 697 782 533 1675 420 447 707 1579 835 400 537 400 535 618 615 712 404 768 873 1638 1058 454 459 554 439 400 454 441 959 408 642 407 459 460 639 416 619
596 400 400 599 587 610 2113 511 1308 525 664 612 461 551 450 1320 618 717 400 458 439 444 620 465 460 616 804 525 1077 475 444 489 520 412 426 1512 416 1557 544 1373 649 1213 400 1189 436 466 779 538 400 479 844 964 1528 1233 1154 421 415 439 505 465 977 2139 451 434 538 400 400 1003 475 1331 572 400 911 559 56 1335 446 932 1764 405 418 831 409 575 599 455 433 782 814 1351 443 635 544
1433 407 873 978 400 998 639 927 447 2236 612 667 593 546 1053 1776 580 682 726 656 487 473 400 465 505 412 444 600 1675 1120 470 833 508 752 508 401 456 1503 501 725 798 548 400 584 497 400 400 1999 606 470 1417 506 682 414 1046 1094 936 400 452 456 664 485 618 779 855 694 802 569 1501 1627 1325 515 427 56 1675 683 615 427 475 428 400 406 613 470 411 426 454 465 447 509 454 712 512
577 400 400 804 579 837 400 1737 1354 400 400 620 679 499 1138 577 1203 991 502 9 450 1566 408 950 648 415 779 589 564 1611 935 526 553 1153 1894 1331 410 626 542 516 628 1410 494 506 495 649 400 417 912 693 431 522 510 436 404 1948 413 365 872 608 438 1544 411 2300 672 403 755 923 729 985 422 550 434 580 1437 943 1479 417 482 400 421 407 452 455 517 763 400 508 408 416 453 400 500
556 400 1143 521 1291 509 556 593 1346 515 424 725 432 457 479 417 405 878 527 412 982 621 471 1388 717 765 943 463 557 542 524 426 417 592 2212 464 1037 1149 525 400 400 608 423 1210 869 655 429 484 1435 800 565 494 903 441 421 502 450 419 407 695 451 1392 667 447 413 619 1852 403 760 1020 1198 439 827 989 516 733 1078 441 763 446 519 584 420 400 2068 476 418 415 453 484 1526 1023 434
404 1312 1706 1731 435 762 547 681 703 434 899 638 1390 933 452 487 437 943 819 410 597 42 539 583 1162 400 702 757 613 400 894 419 1131 504 412 2023 440 503 1115 642 740 1151 415 1176 1451 618 576 523 585 717 814 417 485 546 411 596 686 436 793 572 815 1580 626 936 579 445 708 288 427 430 443 524 1536 511 1524 839 432 672 400 419 434 452 845 718 653 452 430 464 118 118 407 508 401
507 986 400 1162 400 106 106 492 633 1233 401 700 400 453 461 749 400 1556 406 405 887 567 838 1016 513 425 700 400 400 879 443 452 1917 1059 451 400 353 477 1225 499 406 508 492 608 1465 743 763 416 665 529 416 400 623 1393 855 401 539 456 407 642 901 400 400 751 427 480 622 288 435 514 447 407 425 421 500 1040 402 505 575 1389 533 467 491 1345 496 430 964 603 563 884 436 403 417
1109 400 980 555 619 106 427 1266 980 1103 473 805 400 419 705 589 577 575 463 412 1053 435 856 682 400 427 400 934 611 594 453 400 749 433 436 421 353 353 1028 565 414 1206 721 1212 935 559 400 574 532 450 592 486 407 562 447 472 459 898 457 879 823 521 400 801 867 745 1217 1466 832 925 691 704 738 454 446 451 475 460 686 477 400 410 450 419 552 497 465 361 361 401 962 562 544
403 498 812 2032 106 2018 1097 1387 1842 489 607 400 1094 413 417 444 702 1064 407 640 893 618 874 427 957 462 750 918 939 481 417 679 1420 1805 506 400 816 512 423 453 490 860 563 608 1853 517 672 882 594 791 458 416 409 428 414 24 24 471 429 1060 1027 555 1111 1031 1538 1027 593 378 566 1166 625 458 845 493 462 436 457 531 465 436 400 539 738 606 420 432 361 361 361 361 361 408 589
796 511 669 600 653 473 544 800 400 1598 402 1448 852 671 486 1165 966 710 404 639 1024 864 1278 410 896 504 561 562 926 400 633 1073 1040 445 412 400 427 427 408 592 540 526 536 1964 1239 794 1026 434 631 479 470 476 1230 449 493 447 712 440 582 434 433 431 637 510 577 729 689 490 592 747 809 439 611 684 435 460 465 448 420 424 400 402 1395 628 670 509 456 361 1382 361 361 412 2005
418 459 735 58 58 58 58 605 1086 479 420 785 401 438 443 899 483 564 474 400 426 400 484 751 427 1459 655 422 1267 805 590 649 425 2074 833 400 400 443 566 1742 458 432 736 502 508 400 565 400 538 1858 499 421 447 526 412 801 792 944 792 716 414 622 400 473 1281 456 698 618 694 1162 514 1038 448 447 845 454 511 601 828 417 474 424 408 453 473 454 481 361 1157 495 542 539 1214
498 439 58 58 58 58 58 125 125 924 509 792 524 458 505 407 409 407 526 1380 400 459 516 507 1686 443 685 561 846 486 1078 1349 433 769 984 473 400 400 546 783 1273 406 482 661 577 505 474 900 478 424 721 449 890 599 523 630 423 456 429 470 1630 498 929 703 630 462 1278 507 400 587 553 1471 435 805 859 884 448 513 755 1967 541 408 400 599 528 874 1391 528 361 361 414 402 401
434 828 58 58 58 58 58 958 605 1682 473 408 605 1060 1430 898 442 957 415 469 1353 461 1139 430 637 507 1708 647 477 792 460 459 880 809 450 437 817 400 400 497 777 1070 468 716 502 513 1216 1343 1410 75 922 719 512 815 1142 1588 447 470 529 613 400 978 660 502 1368 437 1368 1238 937 463 515 2082 427 426 631 572 1104 914 400 491 476 899 400 209 867 209 444 219 219 445 422 492 1198
442 1139 58 58 58 58 587 701 469 415 432 885 408 576 450 767 478 1047 1954 804 1004 453 591 635 306 753 646 608 963 612 907 953 481 431 401 1704 404 404 400 438 467 429 408 1977 402 405 756 958 505 75 75 670 407 432 891 558 457 486 889 473 663 574 653 1266 848 430 1257 1530 1666 583 474 420 870 1426 910 584 409 482 1068 209 209 209 209 209 209 209 405 653 219 437 635 452 497
427 1376 58 880 58 58 58 58 261 400 470 408 606 1126 1180 706 668 460 438 486 472 461 425 306 306 523 599 436 680 427 964 638 431 471 427 422 710 559 449 400 400 473 420 245 245 821 400 1582 443 1888 75 523 778 653 158 158 1394 900 428 501 404 420 448 419 1014 409 829 911 1610 680 437 408 412 66 415 1119 467 455 423 623 2168 749 209 209 209 209 420 1274 219 219 863 733 432
773 437 470 1050 415 555 702 907 401 487 969 1065 408 1323 1759 878 966 654 588 641 499 1124 306 424 418 506 752 485 400 801 422 612 1641 410 413 436 400 1054 558 409 400 400 403 245 245 827 794 554 1005 1024 641 617 2125 623 871 1128 473 742 435 413 421 400 653 509 847 765 590 539 956 997 812 1182 66 66 805 406 897 408 543 425 434 209 209 578 209 1916 445 787 551 685 505 470 400
755 207 707 562 921 860 623 1182 1257 770 498 483 920 974 575 613 1546 1588 227 227 977 402 458 532 1585 553 522 1456 409 492 437 499 442 844 700 602 763 607 524 404 450 492 400 400 465 597 491 825 816 431 645 1127 502 592 516 768 532 400 533 414 720 438 407 829 957 1187 501 717 456 470 479 35 66 553 750 1168 527 2113 575 556 667 1119 209 209 209 460 1041 829 467 607 478 579 400
207 207 554 730 611 653 412 403 471 421 410 1215 1351 1158 552 1543 539 766 227 428 227 470 575 454 473 773 402 429 409 514 543 458 400 448 715 842 400 596 685 1030 220 220 220 400 495 432 824 637 539 505 401 418 400 525 423 423 533 403 411 462 544 400 1107 571 728 400 469 1139 529 995 35 35 66 971 636 1672 862 532 832 539 615 1281 1163 409 209 583 453 530 1313 887 492 1646 400
