Runs/TestCases/Input/Age.txt
ncols 100
nrows 100
xllcorner -59982.863281
yllcorner 1851083.022172
cellsize 1000.000000
NODATA_value -9999
[rows 42 to 83 of 100, columns 0 to 92 of 100]
207 207 601 1229 1675 422 461 427 446 420 1167 489 437 405 1564 1192 1066 227 227 366 434 441 1816 495 874 1276 400 948 680 400 1232 513 622 1036 504 748 679 935 408 469 434 470 400 400 400 436 413 810 820 692 804 1042 768 449 1581 462 400 415 501 581 506 470 464 400 748 1007 638 953 753 400 400 564 1543 633 445 726 431 1249 497 400 574 426 719 419 474 968 448 459 544 1333 418 426 537
207 207 930 925 448 1098 1320 599 1589 485 870 553 472 982 400 525 638 227 227 366 1066 681 474 457 556 1126 511 1529 464 797 771 431 732 1309 149 876 838 904 745 2276 772 850 529 400 400 790 654 1324 743 451 451 454 837 459 527 401 577 945 419 475 1694 496 2121 952 400 400 812 428 498 400 1077 400 1893 486 528 1436 407 573 408 400 567 555 454 550 423 400 780 455 458 763 1755 1776 461
207 400 400 400 507 883 480 1304 600 1435 1419 566 989 1962 433 727 466 645 366 366 366 1113 448 448 424 452 1226 489 942 150 150 803 421 588 149 1183 443 647 755 1082 639 934 654 507 400 400 400 592 551 509 415 474 421 402 401 1058 499 810 465 428 400 636 549 1048 583 437 707 1055 676 400 400 593 1241 400 440 995 827 613 400 1565 431 555 795 412 410 400 788 418 457 1002 477 553 637
1166 570 400 462 478 422 432 505 440 1282 501 581 462 539 430 613 426 537 366 366 366 515 437 1067 515 413 619 497 1010 661 150 1793 1095 149 149 748 914 455 802 874 1111 492 949 519 400 400 400 400 491 540 668 722 899 600 479 1802 856 459 463 542 578 444 818 409 510 1124 456 545 476 743 400 710 905 515 1053 616 633 510 755 469 689 796 548 487 400 532 414 422 410 1526 787 1399 423
653 1198 1183 1069 1897 492 516 547 616 577 515 610 875 1335 418 751 2208 678 1147 479 488 434 447 663 1197 409 885 480 712 889 450 458 1687 626 1649 730 805 537 676 1613 457 656 601 624 500 400 400 400 449 944 1643 991 424 500 922 1561 605 759 1412 1010 455 400 540 519 424 504 775 1011 576 746 849 650 962 409 463 426 520 584 466 1385 854 681 434 745 469 442 510 448 891 416 2121 462 534
552 1151 428 426 558 407 532 884 501 471 632 954 760 1092 447 699 412 423 843 1205 576 1168 1005 910 546 724 927 400 278 1124 1624 438 939 1269 759 842 479 877 729 448 1904 656 547 698 763 400 400 400 455 1209 405 424 423 433 748 741 406 1044 694 699 419 532 407 567 1508 930 714 574 408 794 596 878 491 696 606 791 454 491 1006 807 862 1197 726 537 568 632 477 611 1494 460 586 437 408
1325 455 527 456 429 815 427 1265 640 449 484 442 444 894 458 469 622 373 373 780 635 1951 426 435 469 1668 513 424 487 495 1338 440 576 490 490 458 820 500 494 265 265 779 413 1560 488 400 400 400 400 617 1059 400 408 421 827 670 1061 752 536 900 591 488 723 436 747 1742 541 1036 411 619 779 902 1211 464 494 1484 626 903 460 755 659 707 590 926 475 441 473 429 454 418 1007 1685 441
439 1941 725 780 935 523 435 617 644 649 1018 786 474 486 880 517 505 373 373 373 373 649 1325 441 432 1154 423 404 483 784 688 662 1280 457 747 743 427 642 419 265 265 1183 1240 514 457 400 400 400 422 621 832 418 405 405 458 435 401 433 878 478 455 408 432 465 410 1071 1980 896 750 473 514 472 409 413 492 619 429 487 474 419 426 476 855 478 1008 298 298 915 584 690 683 1263 824
768 1368 722 1397 414 453 404 445 410 400 431 154 154 653 426 502 539 373 373 373 516 1165 532 454 1450 938 85 841 517 1014 85 85 466 480 404 446 401 405 400 401 970 517 537 413 1025 644 400 607 1566 1122 1569 547 504 416 466 462 436 410 417 434 706 469 435 414 1336 544 428 466 415 464 406 425 410 451 72 408 411 551 401 1323 480 955 418 1940 298 298 298 298 813 664 730 426 485
633 1497 516 549 1404 523 400 408 400 783 1416 708 484 447 682 648 922 533 504 616 373 515 2200 400 466 1344 85 85 488 85 85 415 642 431 803 466 420 1068 2014 404 405 460 428 416 531 1260 523 1559 1083 401 400 800 1130 420 422 406 405 456 469 415 427 418 439 418 414 702 443 403 868 434 750 438 498 72 72 447 1493 987 432 1296 544 459 1383 556 298 298 491 1099 535 424 458 817 500
581 642 703 415 934 686 450 422 554 455 498 567 1204 461 286 286 581 465 443 411 410 447 473 503 455 1248 85 85 85 85 400 566 486 464 429 402 1030 625 903 534 434 440 402 748 1067 430 734 802 408 403 413 418 458 479 411 610 486 433 402 584 419 447 489 458 560 580 457 72 426 480 467 498 403 72 663 72 415 687 426 947 419 400 500 439 432 907 762 1759 755 507 419 678 474
859 425 509 500 611 417 1121 569 400 427 416 448 434 445 286 286 470 539 483 1963 705 475 1128 400 404 407 655 409 85 85 957 1257 934 465 520 569 461 831 476 436 536 403 515 1262 400 1188 400 459 403 408 417 430 422 430 1186 458 414 503 547 438 525 437 479 796 538 466 418 72 72 72 72 72 72 434 72 72 474 405 464 422 446 425 619 440 1190 561 703 609 444 465 520 477 685
552 433 428 452 406 431 471 411 469 543 406 482 425 2001 439 694 505 317 418 428 1202 1024 733 1022 412 403 418 85 85 85 464 430 402 827 413 459 851 466 450 581 445 406 983 443 505 422 577 1159 530 438 411 470 531 430 402 417 469 638 410 481 419 1603 594 501 408 404 443 72 72 72 72 72 72 72 72 651 445 642 615 458 416 437 793 996 553 515 736 604 679 431 532 1263 687
705 469 666 458 404 410 562 877 484 403 1287 640 110 435 432 425 481 413 577 1287 467 459 401 525 767 842 85 85 661 400 424 426 413 442 423 429 438 400 423 1293 1012 411 411 845 410 732 424 514 415 473 459 446 415 426 400 846 608 485 427 402 475 416 402 411 189 1921 434 410 487 459 440 532 421 72 72 454 516 465 430 448 573 440 571 1775 479 826 590 462 705 547 1551 454 1300
417 402 423 901 481 471 408 97 97 97 1320 1284 428 469 475 898 1526 1251 642 1064 713 414 692 565 1233 430 654 400 400 1205 421 433 433 615 784 494 675 412 362 362 1337 545 452 431 854 491 1132 440 499 587 1394 422 565 418 449 443 561 33 459 411 759 189 189 189 189 189 189 419 452 401 1743 451 1006 583 442 1255 480 828 441 1252 901 682 442 1525 541 660 542 461 1876 1271 547 665 844
505 420 496 491 496 410 699 97 97 97 472 753 472 543 437 781 1570 510 877 400 436 539 474 1060 468 837 457 400 400 445 660 443 416 456 419 1265 452 484 362 362 974 435 426 522 1251 429 451 418 454 488 679 477 408 479 482 433 1303 498 1287 623 189 189 189 594 1310 1314 427 416 544 645 411 448 452 817 422 424 669 1163 508 435 411 413 463 547 652 539 825 976 846 990 773 444 402
866 501 417 467 1130 412 477 97 97 441 400 822 741 980 776 531 1047 461 450 418 442 632 1421 779 440 422 426 406 400 29 946 577 415 412 400 1286 495 747 422 362 404 475 1019 1325 430 453 475 417 424 1086 924 1012 803 1129 446 473 797 1221 558 1471 189 509 189 464 1256 915 1421 450 431 1117 420 420 409 460 415 508 655 435 597 405 456 492 600 480 456 830 465 684 610 614 836 1203 463
719 495 1026 1211 594 1166 512 518 441 426 1134 419 553 470 761 1052 409 480 1218 427 427 446 1703 863 418 582 1218 437 400 400 444 410 414 402 429 403 428 712 781 480 432 449 1707 433 469 400 1232 522 512 461 727 412 946 683 740 415 400 490 403 1211 1444 461 189 419 604 706 791 410 588 470 499 435 424 612 461 447 977 469 473 417 1056 639 457 814 418 343 343 343 534 499 343 198 343
741 586 401 112 406 612 421 563 606 454 514 1077 497 473 980 400 438 425 1303 421 549 417 1176 411 1010 774 1315 515 436 400 400 399 436 1095 638 400 720 592 418 592 503 979 404 409 1456 526 576 1416 494 429 713 798 2245 450 418 431 421 1051 426 713 430 975 412 444 629 412 452 461 476 427 469 446 1204 426 1479 499 523 441 407 426 449 428 408 846 343 343 343 343 343 343 343 457 842
542 677 112 112 546 491 463 447 474 824 1889 533 596 403 1118 541 814 423 770 747 443 607 445 946 404 449 449 439 856 406 400 400 400 655 463 538 419 411 424 445 550 533 451 406 703 439 567 436 426 448 519 424 1638 470 654 462 796 409 1050 536 498 523 841 1002 522 1015 506 1424 776 1522 584 585 532 475 433 482 1647 446 775 1094 494 659 888 343 343 343 343 343 343 343 343 343 493
993 1056 458 455 545 486 710 499 503 1108 795 497 402 446 400 802 427 680 906 569 418 1331 789 570 405 410 486 1571 1028 1022 987 479 540 464 443 480 472 432 448 425 685 432 400 452 455 433 434 410 728 424 890 418 474 466 605 472 446 405 200 1251 861 615 438 555 505 559 484 458 437 402 703 920 557 1650 404 452 463 454 409 808 963 605 577 343 343 343 402 343 343 343 343 343 461
519 1145 400 725 452 518 474 659 136 1140 986 451 412 424 400 428 990 496 1043 613 532 770 748 521 899 442 435 786 410 512 551 407 563 499 882 844 799 805 1420 687 431 413 430 1995 724 488 408 413 492 401 583 410 688 423 526 415 508 474 200 200 561 581 703 497 702 785 410 432 424 418 1093 402 558 411 425 244 495 437 475 587 751 587 574 1126 343 343 343 343 416 411 405 401 514
400 850 1487 136 136 840 136 136 136 408 813 744 528 402 526 400 438 475 579 491 444 448 417 520 1017 988 482 686 426 571 434 462 402 512 1112 434 442 465 408 438 522 1189 477 467 443 465 470 845 559 417 465 429 464 458 640 880 1414 27 27 27 459 443 448 1224 1221 440 406 2111 408 1246 476 450 429 515 424 244 406 475 610 604 658 1190 443 689 473 446 549 343 343 438 409 1307 669
1512 1543 459 136 136 136 136 951 465 567 1854 458 993 1109 516 499 625 615 1007 673 411 509 792 428 420 423 401 424 444 429 603 565 404 548 1703 462 1044 416 409 400 1538 698 414 534 498 1171 411 409 609 1761 2046 409 605 576 455 437 410 27 27 873 667 1310 181 453 478 434 834 436 1984 456 456 705 456 405 411 244 505 411 523 1610 569 260 3 3 3 3 415 343 343 343 343 1280 714
569 510 595 880 463 1802 400 582 818 1795 416 519 825 428 442 428 978 558 955 1937 530 400 868 627 759 1489 442 812 574 400 1518 454 425 566 543 413 402 455 413 836 985 469 2133 472 415 419 772 479 406 1183 557 465 1144 490 1355 1422 545 403 27 27 646 433 181 449 730 433 564 406 879 924 400 439 525 414 439 244 244 452 637 910 484 260 3 3 3 3 429 472 496 1509 648 460 667
416 738 447 431 454 1185 477 718 507 450 461 463 409 474 432 402 620 470 433 1624 1030 550 619 960 412 400 678 400 933 1275 1349 124 494 9 587 1340 454 405 403 419 926 401 473 652 1063 415 428 1160 458 702 420 1599 1774 403 846 610 1377 1040 27 450 181 181 181 496 467 520 419 512 521 432 450 633 466 536 415 422 401 403 416 734 1570 260 260 260 476 415 425 427 1593 1077 443 641 791
459 1533 523 529 492 1937 447 443 766 454 448 545 403 461 658 405 984 473 1014 1388 871 420 458 788 863 400 476 847 645 452 124 240 739 9 472 408 531 403 1352 439 621 402 450 435 486 680 605 538 551 458 772 806 404 1015 497 528 282 443 27 181 181 6 241 451 457 504 502 239 406 707 621 465 567 499 426 881 591 526 715 462 260 260 260 684 560 539 404 554 533 1023 1473 476 723
592 572 704 418 832 2159 406 484 474 426 429 539 869 873 761 559 421 688 867 778 443 435 658 1005 400 763 788 450 979 880 962 240 553 9 443 523 507 561 2384 532 476 402 802 464 422 431 470 1006 473 494 640 404 435 282 513 403 282 181 181 282 6 6 181 948 837 463 779 420 414 823 1050 224 224 224 970 407 520 370 477 660 260 370 370 370 443 506 504 876 699 428 1917 524 449
703 459 451 604 541 731 458 437 438 1169 408 421 405 1533 474 406 584 415 466 405 1100 1187 406 465 912 912 261 261 261 827 447 414 9 9 9 595 432 410 747 425 494 412 401 821 455 443 1163 471 413 619 526 423 1109 282 181 181 181 181 181 6 6 6 181 408 513 429 463 224 224 224 7 224 224 224 224 417 370 370 400 488 7 29 29 18 370 774 521 969 636 1447 618 1263 982
756 423 416 1925 1042 595 444 414 400 816 842 1227 24 471 941 432 1090 542 682 479 438 411 541 830 577 494 261 261 261 261 261 899 9 9 450 413 431 581 744 460 430 1639 554 824 471 436 567 422 756 439 438 640 922 282 181 181 181 282 282 6 6 6 6 1015 421 406 1950 1393 7 7 7 942 224 7 7 98 97 97 370 7 7 7 29 18 18 29 1584 496 436 716 665 545 915
453 407 507 474 522 459 413 447 1616 429 1053 667 32 32 716 400 618 436 1089 492 455 1459 407 620 577 261 261 261 1515 261 9 9 707 9 9 409 636 455 453 698 423 645 421 429 502 406 745 458 840 400 467 409 181 181 523 181 181 181 181 181 6 6 429 437 468 1999 439 7 7 7 7 801 224 7 7 97 7 97 7 7 7 29 29 29 18 370 414 496 596 1029 617 448 648
436 543 408 591 450 413 881 691 543 568 805 403 1384 32 659 909 589 560 406 441 696 497 1223 387 261 261 261 261 261 261 9 9 9 9 9 423 406 500 495 419 1237 586 413 458 322 433 1264 451 412 322 181 181 181 181 282 181 181 181 6 6 6 6 6 7 433 7 369 1199 7 7 7 6 6 6 7 7 7 7 7 7 7 7 18 18 18 858 484 1257 498 426 1594 696 1012
412 410 464 712 472 459 445 844 453 32 32 88 32 32 402 421 1187 568 557 415 1119 414 440 261 261 261 261 261 411 536 9 9 9 9 9 9 440 610 434 812 1420 588 815 322 322 322 322 899 322 322 322 417 181 181 181 181 181 181 282 6 6 6 6 6 7 7 369 369 7 6 6 6 6 6 7 7 7 7 7 6 7 7 29 370 1403 484 417 814 1524 426 654 423 403
531 443 507 434 423 430 538 439 445 32 32 32 32 32 400 452 433 556 416 404 575 486 432 261 261 261 261 261 430 490 9 9 9 9 549 479 477 1373 495 418 424 417 921 473 469 484 322 191 322 322 322 477 304 181 181 304 304 181 282 6 6 6 7 6 6 6 369 6 6 6 6 7 6 6 6 6 7 7 6 6 6 6 18 783 1002 974 809 1178 473 609 611 2366 640
754 413 401 409 452 504 422 411 32 32 32 32 32 32 32 88 403 409 644 523 871 998 406 261 261 261 261 414 2008 644 261 9 9 9 533 510 514 499 443 449 400 476 1798 634 410 1193 1410 191 191 191 191 400 304 304 181 304 304 488 282 6 6 6 6 6 6 6 6 6 430 6 7 7 7 6 6 6 6 6 7 7 6 6 18 1030 1163 891 1296 1187 500 102 102 638 485
403 447 529 414 1792 741 412 774 404 32 32 32 32 32 32 32 403 400 400 422 511 418 875 261 216 261 439 427 531 400 1047 9 9 9 271 271 435 410 1307 271 634 879 560 401 400 400 400 191 191 191 191 191 191 304 181 181 304 620 6 6 6 6 6 6 6 7 6 6 369 6 6 6 6 6 6 6 6 6 6 6 6 6 6 45 750 531 668 495 736 102 102 1651 632
685 521 400 449 565 133 401 415 993 237 32 32 32 400 456 32 32 32 32 400 400 413 261 261 216 216 414 889 656 216 400 9 9 9 271 271 271 271 271 271 271 444 557 709 400 400 400 400 191 191 191 191 191 191 191 304 451 6 6 6 6 6 6 7 7 7 6 6 6 6 6 6 7 6 6 6 6 6 6 6 6 6 6 18 18 369 45 45 6 6 102 110 604
977 413 401 446 410 643 422 402 936 400 32 32 32 32 237 32 32 406 400 401 1598 400 459 261 216 216 216 479 400 216 755 404 9 9 407 1174 461 271 271 501 271 271 400 405 400 400 400 400 191 191 191 191 289 191 304 304 517 6 6 6 6 442 7 7 7 7 6 6 6 6 7 7 7 7 7 6 6 6 6 6 6 45 45 18 6 18 18 18 6 6 45 45 45
515 403 687 458 511 938 400 410 407 237 32 32 32 32 32 32 32 226 226 226 1116 415 261 261 216 216 400 400 429 216 2128 517 9 1280 590 417 768 271 271 271 271 736 400 426 400 400 400 400 1550 304 191 191 191 191 289 181 1298 6 1061 1089 519 405 369 7 7 6 6 6 6 6 7 7 7 6 6 6 6 6 6 6 6 6 45 6 6 18 6 6 6 6 45 45 45
410 687 515 668 833 1096 489 450 400 237 32 32 32 237 226 32 226 226 226 226 226 455 226 226 216 216 216 86 86 216 216 473 432 1863 533 427 554 271 2179 403 450 424 981 204 195 400 400 400 495 516 304 304 191 191 191 289 289 289 289 289 895 419 369 7 7 6 6 6 6 6 45 370 6 6 6 6 6 7 6 6 6 6 6 6 6 6 6 6 6 6 45 98 45
472 627 771 422 498 565 1203 2114 864 32 400 32 491 237 226 425 226 226 226 226 226 226 226 216 216 86 86 86 86 216 216 611 738 1594 432 893 271 528 438 426 778 633 204 204 195 204 195 195 195 663 484 806 289 107 191 107 191 407 289 289 445 400 7 7 7 7 7 7 7 7 45 45 6 6 6 6 6 6 7 7 6 6 45 58 6 6 6 6 6 45 98 45 98
1504 415 408 509 400 591 418 417 422 32 32 403 402 460 226 226 226 226 540 627 226 216 216 216 216 216 86 86 86 216 749 517 429 437 508 967 439 783 699 423 661 909 195 195 195 195 195 195 195 443 478 1923 347 107 107 191 191 191 289 289 184 184 7 7 419 575 7 7 1320 7 45 6 6 7 6 6 6 6 6 6 6 6 6 6 6 6 6 45 45 98 98 98 45
