Deprecated/Runs/TestCases/Input/Site.txt
ncols         100
nrows         100
xllcorner     -59982.863281
yllcorner     1851083.022172
cellsize      1000
NODATA_value  -9999
[rows 0 to 27 of 100, columns 0 to 62 of 100]
274.207 198.1766 113.2135 113.6506 175.5757 263.0565 280.3828 135.4276 101.569 108.6529 116.0186 213.9078 221.1478 62.18933 48.04837 71.39189 25.16217 291.0375 194.9144 197.5667 190.9261 187.8508 201.9349 75.74801 34.4237 47.09437 46.13943 94.226 139.2618 173.0779 151.1202 88.07288 266.3358 227.4354 256.185 216.6299 107.5304 107.2099 100.6281 77.67357 222.0203 185.1136 185.1136 74.82008 301.9574 283.105 276.6375 274.3822 236.3901 98.96572 96.27344 76.80821 77.94559 77.94559 209.1676 217.8891 217.7665 221.1072 167.4165 156.5511 206.6646 208.6105 193.3925
122.7932 114.8548 89.78935 89.78935 226.6405 254.4584 272.427 41.8377 101.569 95.23101 88.4118 224.5698 227.3008 58.93906 58.93906 37.07034 20.40764 291.0375 181.5373 211.2765 192.8657 226.3384 224.1263 351.573 35.36554 35.36554 46.13943 24.00128 25.01689 143.5807 138.068 189.5899 205.793 186.6294 218.0751 143.8192 118.1442 86.69609 125.5173 133.8712 316.7208 204.3921 259.1359 286.3278 300.4397 270.111 266.2429 276.7261 143.7853 111.8454 125.3064 76.80821 78.49457 29.2457 246.5493 286.1298 224.0471 224.0471 184.0536 98.337 206.6646 204.5943 181.2634
94.69647 130.3029 116.6392 272.07 268.947 282.2556 315 55.07745 66.12692 42.12996 88.4118 250.2756 241.4458 84.28555 58.18348 106.4486 84.55967 136.014 253.1967 211.2765 203.9206 239.944 204.2971 181.2834 63.84322 58.80099 9.770282 34.2157 28.432 36.19321 36.19321 203.0394 236.7912 190.4249 254.8728 143.8192 111.8922 116.1768 95.66615 192.9412 191.8887 172.1847 259.1906 244.0377 300.4397 244.303 249.1287 95.04773 108.0966 110.7838 174.3608 159.5648 108.6614 29.2457 290.082 237.2602 279.4623 195.2773 68.9859 322.9542 216.0823 165.1178 181.2634
81.29624 94.13467 54.88033 268.0021 270.5663 282.2556 293.2498 85.30656 46.04493 57.19715 243.0121 243.7173 241.4458 132.7094 68.90976 19.53008 50.37767 72.69704 231.3521 290.9945 288.5892 191.722 167.823 167.823 174.9519 147.2883 349.275 33.54501 25.64921 24.15207 0.7976784 264.0619 239.8194 265.792 265.792 114.5672 96.86583 116.1768 89.19513 11.68937 205.0443 197.1568 190.2017 199.0985 212.6167 212.6167 249.1287 117.0271 83.50797 103.2514 132.9225 138.6914 147.6679 203.7495 176.5803 199.9183 199.9183 152.9359 182.609 238.2742 12.24453 103.2293 160.2816
108.8671 139.5498 215.0835 274.7708 250.9182 188.7114 188.7114 85.30656 65.62919 40.34071 28.19498 296.5778 185.494 143.5704 79.14643 70.74492 45.44458 41.82017 32.79636 238.9469 256.8351 62.76702 119.6063 211.2272 231.9861 258.2195 88.23421 119.1886 33.64492 47.58997 31.13031 344.7845 239.8194 251.9514 205.3462 73.02863 40.20175 130.5154 249.0656 11.68937 259.7349 286.7228 231.9452 294.0251 251.051 275.4435 197.7104 108.1069 87.05625 106.0819 106.0819 156.4817 121.9837 183.3734 172.5319 210.3097 145.5659 192.5588 228.0313 161.9668 118.702 104.1486 133.2267
108.8671 123.7656 206.0563 260.1785 233.6469 163.6422 196.0873 78.20783 73.29174 13.07854 330.7963 330.7963 41.74588 74.98785 164.0578 180.1881 45.44458 38.12103 338.7927 251.7231 141.4678 103.1617 103.1617 236.8316 230.6645 258.2195 89.82173 102.7443 135.8464 115.6102 62.21912 286.2429 269.1312 269.1312 205.3462 91.51885 16.00924 42.5687 333.0605 32.78849 258.2028 300.4044 299.7923 293.4345 294.5895 287.4381 204.8637 100.2929 117.3405 110.5715 169.5129 214.2611 53.26663 174.8458 174.8458 220.8074 224.3772 319.2073 279.9217 161.9668 116.4354 109.4267 168.861
158.4012 303.7912 251.2104 208.791 111.5898 123.0906 251.96 119.108 111.1033 93.02241 158.4342 7.420311 43.71912 50.63251 153.0555 225.2451 192.0795 51.59125 338.7927 253.7261 194.9314 81.13395 269.5539 223.2584 221.065 107.6348 107.6348 102.7443 137.4652 37.58135 50.97432 287.7129 287.2671 143.6237 148.6351 196.46 52.05642 52.05642 63.46953 297.2708 346.65 234.0143 216.409 293.4345 282.0524 79.14248 88.476 87.36888 99.57455 91.52604 162.9157 234.8359 53.26663 357.5491 313.8734 240.919 256.7939 4.610649 125.1844 139.1748 105.6254 109.4267 165.0571
248.3691 286.8031 284.1232 263.4722 111.5898 290.2929 329.0978 85.36454 110.4833 140.0796 179.2094 228.3997 74.0152 52.71189 46.60434 301.3994 176.2174 83.78963 228.3913 248.4265 194.9314 115.0386 145.3048 202.1077 240.917 216.6815 76.48792 19.6946 329.9004 341.5651 306.9815 306.9815 329.5345 56.04327 164.5247 188.3787 98.82168 93.47375 286.1373 331.3895 45.57998 185.6103 185.6103 215.0714 222.5292 79.14248 81.43454 80.49718 94.36959 99.91568 238.1906 260.5064 328.5166 328.5166 313.8734 304.7511 278.1861 126.3888 125.4512 167.2492 144.4623 92.95078 179.4078
264.0279 248.9702 54.81352 54.81352 154.0036 237.1908 329.0978 81.34059 82.31247 206.5905 234.4337 333.5724 15.46122 12.36559 12.36559 345.4731 255.1497 106.2241 142.5614 215.4879 346.4487 25.01689 265.624 289.2127 278.3909 256.079 79.59893 57.46493 272.6603 327.8622 314.5111 342.2197 25.66902 34.17699 185.4403 288.5661 115.2631 51.46593 262.3356 261.6718 45.57998 9.326511 316.6208 238.2041 256.3638 68.22764 82.562 80.49718 78.18878 76.12002 255.4046 260.3091 278.5919 263.2727 327.5288 206.6156 110.0398 112.204 112.204 180.3884 198.3495 15.2833 359.7149
258.8688 217.628 132.9691 110.2652 243.8821 254.374 69.06827 56.25891 82.31247 279.9936 272.8124 221.5953 191.5904 356.5049 337.0276 14.37324 72.41803 94.3987 191.694 191.694 223.8725 233.5087 300.9011 279.2766 278.3909 97.31023 61.53395 240.6305 257.5396 304.1421 304.1421 336.2621 47.76901 34.17699 23.65247 322.4424 20.10695 319.5739 289.0921 320.3016 348.5961 348.5961 316.6208 285.8951 268.1511 86.53252 86.29233 93.02173 66.24104 268.4792 261.0496 261.0496 256.0095 198.4017 145.0351 168.6026 126.3241 123.2925 220.8691 290.9855 304.6451 313.7912 313.7912
195.2863 217.628 157.2072 100.4679 237.2964 240.1016 75.34019 51.37275 1.409027 303.0862 278.4507 142.3524 142.3524 203.2891 253.565 28.75437 56.91191 94.3987 220.2364 262.0234 217.0782 218.8845 232.9611 232.9611 300.6114 87.72955 61.53395 336.1695 303.4273 248.5451 252.7458 54.21532 74.25796 80.2678 80.2678 322.4424 351.2654 115.054 260.8677 231.5695 323.7327 235.5291 306.0914 253.3206 82.58414 82.58414 62.74847 63.98322 25.04726 325.6342 257.982 234.5969 163.1667 100.4684 169.0209 190.5798 141.162 88.74177 230.9738 266.4763 304.6451 254.7783 199.8837
17.05911 159.1478 141.2587 238.2079 248.4507 164.6019 160.576 122.8758 27.23666 292.8737 324.5794 28.56354 205.2971 242.2464 151.2323 68.27625 53.34668 57.99875 351.389 262.0234 253.063 237.0948 235.5558 218.3874 128.6856 169.4265 310.8258 334.6135 303.4273 265.4681 279.3821 42.36222 47.6458 74.37576 297.9198 324.4295 96.30051 180.06 208.5886 208.5886 175.1752 160.75 180.1288 215.1563 144.6462 88.16788 22.34298 11.9618 34.24903 139.8645 139.8645 216.9241 176.2069 100.4684 75.88495 274.4836 324.516 312.8665 265.0537 170.2485 141.9604 141.9604 199.8837
29.40719 77.42596 118.6272 257.1666 271.5009 164.6019 141.5836 192.558 97.0284 232.2095 328.1653 328.1653 344.3917 309.7376 151.2323 97.23326 72.34268 342.6239 329.6563 304.9869 223.3802 184.6124 184.6124 223.0397 121.0583 78.45864 221.412 242.4487 328.5004 287.3404 338.0169 36.70545 27.7185 21.60673 354.9904 292.2268 44.80495 161.2537 248.3063 171.8906 165.7782 314.5435 228.2931 258.0528 212.0247 97.94075 26.36006 8.673174 34.24903 34.39047 16.81541 186.4573 150.0371 37.47916 301.8086 274.4836 277.4408 254.3907 6.203448 115.6801 141.9441 168.407 201.2879
84.68546 40.86953 281.1966 259.3476 92.6458 116.4089 104.7644 192.558 154.5604 213.1113 241.6288 172.3194 333.9414 7.307586 65.12494 43.50277 72.34268 311.0967 293.1291 29.7405 7.045769 284.4607 319.7266 290.9905 5.325506 359.7824 234.5799 234.5799 252.4321 195.5566 263.1695 36.07314 27.7185 351.2206 338.5523 1.622676 27.69517 11.84951 331.4245 142.6884 241.6992 314.5435 297.2823 276.351 80.9653 100.9467 208.2886 95.49689 43.83532 23.19859 16.81541 108.1595 16.05999 226.1607 259.7218 271.8965 181.1304 135.51 98.75392 98.75392 144.8538 288.069 262.0059
84.68546 43.23535 356.4119 236.1913 181.7796 61.50906 76.55138 189.1283 265.1396 213.1113 231.009 196.3199 256.6124 320.8106 36.35631 20.04638 333.7395 132.6821 95.04722 88.9073 88.9073 282.0356 303.2607 296.9476 326.3233 359.7824 295.796 212.0606 173.1117 234.8658 262.0854 262.0854 43.24779 73.26929 338.5523 61.64684 106.7977 36.82558 107.3579 265.5251 272.9345 267.2737 267.2737 276.351 72.44118 57.80008 183.6542 139.694 117.0621 165.6967 17.81889 339.5782 304.0601 304.0601 310.4809 154.7385 140.9525 165.7681 102.843 333.7291 296.2207 271.7315 270.9318
50.62331 83.67173 193.0627 193.0627 217.9333 143.5836 88.36343 247.1001 277.4857 244.3803 204.7159 261.0698 281.8075 88.23798 55.75797 85.53785 17.63034 29.84498 126.1335 256.7731 297.4744 254.9992 217.0358 264.8357 55.63377 32.17386 20.18364 212.0606 234.7824 275.277 242.0038 102.241 79.43987 15.56151 146.058 98.38771 106.7977 98.67317 100.8675 277.9696 299.2345 278.7122 263.0675 141.9441 78.85585 81.77811 141.0185 141.0185 100.4637 82.09283 19.86704 309.1671 331.5735 13.99344 119.8459 339.111 339.9364 325.5948 325.5948 309.0292 284.3581 271.7315 199.4094
105.6423 69.63136 294.3903 292.2566 224.1118 87.78968 359.3452 270.1561 270.1561 332.806 13.75549 240.5607 246.7556 88.23798 105.6069 182.9672 358.1221 3.90434 332.8246 332.8246 297.4744 297.532 173.3569 199.2629 207.5281 16.11108 11.7327 298.1041 297.4703 271.2168 271.2168 300.7465 51.11815 354.4391 357.9938 38.23908 82.32271 81.42661 259.0716 261.1227 173.2801 302.8114 248.4523 138.6503 164.1717 53.22538 40.78582 194.5197 114.3808 202.6731 272.7424 286.5197 327.7402 358.4706 21.66957 324.3982 339.9364 327.5894 315.3494 273.0283 316.6892 174.3415 174.3415
339.791 339.791 330.1719 330.5241 319.9697 19.38452 359.3452 283.373 283.5162 3.186898 330.7668 263.0547 349.7545 73.40524 49.88401 182.9672 225.3183 176.6637 7.564353 160.9235 59.7813 114.2958 202.0942 202.0942 194.9974 245.6538 45.6841 315.5061 272.3765 297.7901 221.7603 74.89669 143.5818 164.3321 15.30505 65.26394 62.0989 50.68026 268.2753 247.8336 173.2801 223.0612 134.8508 118.243 215.874 178.2902 37.92516 0.838415 57.92294 202.6731 229.2806 198.6557 288.1281 4.541035 344.0848 346.9777 344.3318 349.5085 315.3494 249.3383 237.7909 41.47081 96.02269
318.6654 357.7777 9.901148 37.23483 172.5822 219.7615 339.938 283.1269 283.5162 311.9115 301.3358 291.9388 244.7582 34.92848 7.020143 345.2017 51.76083 176.6637 139.6342 135.5563 148.5684 210.9638 269.5787 359.0608 231.1677 258.2544 89.46454 279.0414 279.0414 275.1694 101.0658 121.4941 122.1957 164.3321 138.533 102.0805 91.33533 182.3278 217.9223 217.9223 168.4595 214.6473 134.8508 84.58664 240.8294 162.5571 122.0919 345.0397 340.4178 285.268 285.268 198.6557 193.3629 207.841 353.2338 306.9498 9.775221 8.6114 166.9081 201.7191 116.3525 116.3525 9.946005
165.6366 357.7777 75.3731 33.46538 16.59745 337.8473 226.4321 188.0486 210.6039 192.8728 159.3448 159.3448 219.1972 26.82431 23.8201 8.50526 37.87046 49.31603 351.4651 150.5928 270.1879 225.2665 294.6195 332.7713 277.732 293.1084 89.46454 257.4033 261.7175 61.59002 82.50534 73.07249 347.5918 184.7837 162.8637 102.0805 90.60425 74.77787 150.4493 21.55875 202.1275 202.6067 100.0199 23.88962 240.8294 159.2871 86.12605 206.9913 242.6042 359.7948 5.942719 185.8236 214.7441 167.2832 222.0499 222.0499 351.7168 1.436584 11.93512 3.598169 199.6284 258.5167 294.7751
203.3086 153.1721 171.4467 353.2524 354.7941 354.7941 290.8676 93.52145 198.8733 192.5824 139.5833 227.1433 260.9758 75.98575 98.48063 104.0063 104.0063 35.24757 28.49564 11.85589 353.1485 225.2665 194.8605 234.5296 293.3657 52.64041 263.7877 263.7877 261.7175 73.83985 58.44475 337.1955 339.5602 28.11747 37.10928 3.905151 349.2917 317.915 317.915 340.8274 322.0334 239.1811 151.9348 228.0459 330.0227 1.737089 319.5306 275.5554 179.7642 189.655 27.26375 14.27729 339.4807 191.3287 209.9602 228.3665 243.781 324.5919 30.76335 30.76335 1.706178 188.5879 270.3621
218.3347 154.3068 163.2153 215.0923 232.3108 2.588827 28.34462 60.28215 194.7436 194.7436 161.1792 235.5964 242.1486 124.8664 98.48063 96.24883 78.35188 156.546 183.8254 96.87683 96.87683 142.5653 186.7098 234.5296 250.817 91.564 320.5473 271.271 12.45295 33.52474 340.717 340.717 341.0762 17.51256 15.78587 314.2271 321.0994 339.1663 341.4906 21.97335 76.01705 358.1221 147.1391 235.6688 277.4524 305.8139 350.9686 349.8738 179.7642 237.8803 307.2726 40.82883 86.38763 187.6605 187.1684 206.5012 221.5516 324.5919 47.94382 60.93002 149.7036 273.2937 228.5979
182.4293 7.823711 302.8661 222.2091 238.4705 340.5724 29.72675 60.28215 299.7449 279.0075 272.2491 267.5474 258.999 45.43904 63.9098 57.0306 78.35188 358.3521 344.2038 148.8407 266.675 335.1497 317.6038 274.7934 32.03621 91.564 240.8953 258.1664 254.1005 12.12908 347.9895 346.6024 0.9287256 30.41006 3.300518 292.3577 292.3577 53.64587 133.6544 87.03177 83.89442 358.1221 293.7495 270.0699 190.8758 218.6379 338.3379 338.3379 12.06742 327.3867 307.2726 57.97662 54.21764 278.5308 264.8339 246.791 250.6288 13.10686 13.10686 60.93002 349.9474 311.3567 240.1675
294.1932 334.3568 302.8661 287.1218 260.9223 338.1117 54.47541 6.002334 6.002334 279.0075 273.1525 243.8745 246.6323 188.1301 61.28526 61.75356 349.948 4.952736 11.87432 11.87432 318.3385 287.8291 297.6418 303.7623 17.42172 35.71498 257.9902 240.6562 207.646 166.1533 351.0029 333.2793 358.8283 24.81276 3.300518 287.0757 64.90321 114.9479 316.0132 7.549422 329.2125 311.0112 325.1721 270.0699 252.4428 232.5591 179.8514 176.998 325.3007 338.1009 34.78289 25.88896 54.21764 328.2115 331.9886 239.5862 245.9305 257.5837 58.22128 21.48471 240.9454 68.21614 145.0806
297.4536 297.4536 344.0378 227.7057 227.5464 241.1828 85.0667 27.0506 311.3161 232.6566 194.8605 228.8446 236.2862 236.2862 51.66903 33.98289 355.2755 62.64335 30.35656 340.3743 271.8987 279.5548 98.34613 142.1743 142.1743 53.33998 202.1132 205.9744 193.047 166.1533 162.7096 188.7537 8.55462 28.18818 336.1862 336.1862 64.90321 7.530844 331.7019 333.8668 338.8532 11.05822 120.0806 165.3225 194.292 232.5591 161.644 168.0463 218.7501 234.157 13.70696 16.73952 345.1355 346.0962 303.4755 281.8416 281.8416 243.8942 161.2742 59.91803 69.3146 127.2873 92.2531
336.7713 57.29026 173.1944 255.6807 240.8616 6.66666 6.66666 348.053 323.6968 37.5457 123.3697 208.5469 230.3231 324.7857 44.93526 55.94967 359.4451 359.4451 345.1137 313.0988 296.7567 272.6305 98.34613 133.8585 150.1624 145.782 158.0414 197.6135 197.6135 178.1684 140.132 188.7537 196.8603 178.9609 357.9345 9.187559 8.617102 344.5749 11.15822 11.15822 134.5103 86.46848 97.26518 152.3352 265.1425 205.8519 259.5085 250.6557 232.3657 181.6192 277.2369 42.29937 355.9211 344.2242 339.3923 323.8704 263.5209 211.6033 119.8151 47.24437 4.752986 352.9593 9.711568
38.41235 87.87441 23.2536 285.0761 268.5946 203.9225 310.9195 284.0089 17.73868 13.42553 357.497 202.1183 237.5151 234.0024 95.33035 55.94967 342.3224 312.4063 312.9971 297.1992 212.7352 144.8182 98.58636 95.56321 150.1624 134.6315 104.9314 200.0117 212.192 119.0223 109.8204 200.2249 213.6758 178.9609 323.6825 52.30576 68.55603 110.4376 116.7727 127.0669 115.973 51.56822 283.8765 336.3644 336.3644 247.9243 204.2302 247.8241 234.7557 181.6192 168.1207 194.9901 330.3444 311.3715 324.4701 324.4701 336.962 18.10376 119.8151 103.9244 120.1128 60.69882 101.2195
125.7155 69.51965 266.4189 177.8901 167.17 167.17 202.4794 191.3833 17.73868 350.9299 4.641869 324.666 268.1725 253.1173 2.401319 359.5362 359.5362 312.4063 320.6703 318.061 89.30609 111.5626 143.9781 150.208 207.1598 94.48802 178.2348 178.2348 217.2275 137.4836 205.4783 274.4296 251.9018 237.3967 66.9317 79.14195 76.8881 81.2579 116.9417 97.3443 247.1903 347.5011 283.8765 268.2806 26.7481 349.1665 309.9184 232.28 195.3119 215.3688 116.5009 194.9901 190.3168 180.9164 214.5214 177.3618 32.79209 41.35402 98.30216 97.06673 120.1128 127.6882 126.5469
