Deprecated/Runs/TestCases/Input/Site.txt
ncols         100
nrows         100
xllcorner     -59982.863281
yllcorner     1851083.022172
cellsize      1000
NODATA_value  -9999
[rows 28 to 55 of 100, columns 0 to 62 of 100]
34.2157 137.3736 211.9047 177.8901 159.1508 225 227.5405 185.8031 173.0925 173.0925 4.641869 359.0906 139.4979 205.4404 212.2288 5.22702 6.355671 320.6139 26.30321 86.50012 86.50012 61.09764 185.8916 253.4496 165.0246 139.648 105.729 215.2228 171.4223 189.6682 238.4316 280.6615 274.7021 228.385 213.7969 46.90265 41.8616 52.5391 138.4336 253.6146 323.1301 356.0171 356.9193 305.5222 26.7481 56.06033 247.2343 277.9618 146.4781 144.2439 165.1873 208.9233 189.6197 180.9164 186.0851 177.8229 167.6545 38.3226 41.39522 32.87959 40.15863 43.78815 278.4248
49.63773 256.5588 299.1017 220.2528 96.1768 225 258.3263 13.12686 140.5146 184.9757 176.4057 118.3102 179.6259 230.7339 230.7339 212.9502 43.46016 335.047 22.31719 55.95866 41.21871 356.8611 311.7694 345.2299 353.2029 353.2029 68.34283 101.7771 178.9083 234 238.4316 211.8878 179.7623 237.0523 254.4553 41.68754 41.68754 52.5391 18.99985 314.2361 255.647 198.6717 350.2064 106.3639 95.82634 223.7375 292.3887 292.3887 20.06852 188.0327 306.3441 270.765 316.6966 217.1014 248.9958 204.6633 238.0274 326.0593 17.75778 46.3187 30.45037 37.72728 263.4033
352.6664 324.3928 322.9471 16.43951 7.355882 262.8916 324.5868 67.86388 67.86388 9.735373 195.303 149.5438 159.2703 256.2588 240.4101 209.5388 260.5114 10.25321 54.46232 43.68092 40.93663 28.48097 328.6154 345.2299 356.7476 22.01128 36.40007 324.1909 281.7006 243.2788 256.7358 186.9253 179.7623 236.2318 234.0288 52.80176 55.8729 9.85547 334.0186 312.5578 98.00473 98.00473 138.0709 136.8947 93.71432 319.9166 253.9411 300.7218 338.9963 320.6631 326.5209 312.8111 312.8111 323.1492 311.842 240.4122 232.9919 326.0593 55.00525 56.21325 339.2949 34.19838 171.394
328.8286 328.8286 325.3759 29.60534 25.17754 289.3862 294.3715 51.86483 0 272.1355 160.4633 295.76 258.4774 258.4774 246.7536 234.6052 260.5114 59.62087 66.06136 49.02423 31.47169 333.6806 307.4659 4.749052 4.749052 22.01128 5.463843 340.1472 311.304 116.8249 180.2274 201.8515 217.875 233.0264 237.926 237.926 41.48973 8.81449 326.6695 8.619972 74.04247 118.0071 138.0941 230.6571 354.9632 97.35909 234.0703 212.7662 307.9374 221.7506 326.5209 283.5704 163.9188 90.51617 138.5282 205.0492 235.2095 233.6564 34.76741 56.21325 351.3201 11.87848 44.60212
219.8787 216.1399 36.50144 31.27917 346.3368 270.8994 270.8994 60.11925 11.93815 353.6447 354.1958 295.76 295.9534 293.6836 258.8156 209.1594 155.5907 155.5907 66.06136 27.70755 4.128983 348.3312 339.4141 23.97926 59.603 40.6013 290.744 17.11666 17.11666 66.97451 208.3342 210.8157 204.2572 232.0238 247.7874 1.684684 17.65546 8.916097 80.55322 87.79226 101.0134 54.11136 355.3201 271.8609 295.081 97.35909 228.6146 209.1393 170.7289 194.594 195.2672 160.9524 163.9188 145.3082 146.4493 184.886 237.5701 244.0779 62.67165 43.00892 324.2726 11.87848 17.39508
181.3663 211.1909 255.8378 6.759378 346.3368 284.6195 11.99588 86.61462 187.2029 292.1525 316.6533 334.9191 304.6497 298.9809 289.4808 145.8285 151.0081 161.3819 167.2166 275.9974 352.0731 349.4729 349.4729 17.86656 23.13142 62.18571 251.913 18.28417 33.2713 311.9187 353.5956 359.6869 228.6085 228.6085 236.3562 219.8056 28.20163 24.39374 80.55322 82.90661 340.0903 4.635463 52.18053 281.6318 281.6318 28.33735 347.1372 209.1393 63.10376 305.1244 161.565 152.1781 149.2868 58.82302 205.471 205.471 237.1274 242.9844 15.42216 66.36571 126.2816 47.8079 92.61742
268.6269 253.8672 221.7822 244.3427 327.5796 327.5796 11.99588 42.40847 9.611314 234.454 263.3282 306.5985 299.7449 345.2145 118.8027 122.9338 134.0361 160.9325 187.8635 189.4862 125.4171 177.4452 15.24872 23.78528 34.95798 19.72609 256.25 272.0486 60.54492 335.0952 342.8394 359.6869 299.4343 266.161 230.5761 203.9864 16.4121 32.29885 53.43282 26.0991 340.0903 29.64986 53.26717 274.9667 273.6671 35.51398 316.2759 329.6495 32.5849 305.1244 316.6103 347.5567 191.5637 205.054 311.3312 275.5513 244.5256 253.4394 69.12508 92.36923 92.36923 168.6399 155.0143
237.2205 179.7198 198.5251 195.575 267.4949 212.2199 10.23291 8.992438 317.4433 317.4433 293.1707 289.6712 278.701 80.0887 110.8684 122.9338 158.9313 218.0327 163.3426 167.7275 173.1644 173.1644 208.4127 29.41704 34.95798 26.55359 334.0773 86.49647 76.61356 259.8315 286.3895 338.7692 338.7692 266.161 244.9321 195.646 184.1518 190.9473 14.78343 13.37113 21.2423 6.22065 314.7039 314.7039 302.264 73.67846 200.7722 304.4882 55.78776 276.5089 302.899 57.52881 167.9797 211.6006 249.8516 259.681 263.8524 261.6411 69.12508 67.53751 39.12989 224.7431 11.99929
182.8231 157.6199 184.8991 184.8991 183.9022 178.7441 177.7446 173.5402 340.554 315 281.5385 146.3496 149.5259 117.0252 117.0252 107.8704 111.818 218.0327 169.3618 58.29857 194.7436 203.3389 194.5552 186.5494 20.93665 20.93665 334.0773 359.7886 30.45272 257.541 262.9452 304.1145 324.8818 281.3323 164.7583 168.0113 168.0113 201.6618 187.5762 30.96376 17.07926 1.848935 336.8903 337.6581 70.39008 99.72124 246.1929 257.6653 62.84277 84.28941 248.5232 28.71693 20.92552 211.6006 238.7242 245.4464 260.4687 276.8768 38.53653 51.69693 39.12989 304.8245 342.7325
346.1811 203.4191 328.1588 186.0943 180.128 174.9717 193.0887 243.1634 251.0754 272.8003 53.61213 104.4684 149.5259 128.9559 142.906 122.0542 190.2318 232.4516 303.1277 58.29857 293.3084 51.22583 174.7013 189.8104 99.92625 14.96297 350.3129 33.74271 351.6594 315 315 281.047 287.5676 355.2424 78.31063 149.6236 212.9676 207.9111 189.0004 215.3783 3.49862 3.49862 358.4801 9.316264 74.43752 66.06043 246.1929 275.6343 51.83469 246.9606 268.2363 62.48054 62.48054 345.1317 300.3137 245.4464 244.177 250.3622 57.68629 31.02213 327.9188 331.8849 343.09
335.1791 331.6535 323.5969 359.6563 342.7211 174.9717 226.9425 259.1638 254.2402 94.83313 72.75654 58.45955 104.481 104.481 142.906 175.2293 173.3304 229.0313 207.0343 316.7715 105.6492 97.13565 199.6741 187.9801 194.2687 186.9295 352.2566 45.34978 12.46412 321.1763 302.9828 238.5064 166.6805 71.87392 77.58472 84.38779 183.1798 204.357 193.8186 215.3783 161.565 166.2798 13.47938 29.03181 20.64934 328.165 295.8724 297.1158 51.83469 333.0767 274.0541 54.47356 43.83974 280.9779 290.8903 261.9262 258.5594 250.3622 62.10273 84.86435 6.779568 145.3048 29.50515
241.4128 321.5569 266.721 346.4136 1.340008 321.845 321.845 259.1638 263.1856 79.04594 90.81998 96.06035 39.72458 28.55369 351.3066 334.524 247.95 247.95 197.884 174.3702 167.8378 340.9423 0.8374539 187.9801 187.9244 221.6695 12.12908 357.1866 5.379305 344.1587 352.1247 127.6632 166.6805 78.53047 75.11774 117.6243 179.8398 215.6037 209.1906 204.3665 181.7357 166.2798 8.343891 20.52977 10.43689 349.2157 316.2957 332.2215 9.061817 314.8773 274.0541 16.54602 55.92377 240.552 230.7106 286.7148 278.7191 126.4309 99.20666 110.3245 119.2602 119.2602 149.0362
241.4128 154.7363 177.9685 169.6502 188.2658 348.0911 311.9856 278.1078 116.0145 74.25961 76.31799 76.31799 111.1302 148.1079 5.729565 294.0278 336.9045 0.8680515 162.0356 195.7478 223.9511 302.7939 302.7939 52.76517 205.821 221.6695 226.4213 220.684 78.54611 124.0227 77.75031 156.4236 130.2766 130.2766 75.11774 85.78903 124.7514 214.3571 202.0083 178.8906 182.2524 224.6781 212.4148 9.640134 9.640134 5.826342 6.621988 37.21779 9.488201 335.5341 312.0277 39.05652 317.9939 304.0474 304.293 257.6843 269.8121 137.7682 117.4369 89.95124 60.42681 133.4881 178.171
155.0697 206.8279 158.8262 192.7507 253.229 247.7023 282.1466 306.4164 119.3029 115.3462 100.5208 83.3802 90.96286 123.9174 218.6746 225.2787 303.8669 347.2599 20.67939 346.2301 223.9511 214.1808 183.8256 15.34764 297.3499 268.7336 277.8328 220.684 98.16191 111.9065 153.3655 157.3062 143.7843 142.9638 102.3327 89.53954 199.8716 211.2766 211.2766 168.1949 153.0902 197.1009 209.342 245.0561 28.34385 33.89466 58.38948 341.5651 283.7099 283.7099 338.4037 359.7318 339.064 321.0511 304.293 295.2069 62.99205 112.5375 162.0673 113.0642 113.0642 75.53713 148.3245
170.1635 230.1556 34.48737 321.1072 253.229 269.8889 51.38156 99.93998 107.6644 125.9026 165.6839 30.17136 29.83906 123.9174 216.9194 216.5483 227.2457 259.616 2.165161 356.7536 251.3814 251.3814 183.8256 10.72072 324.7427 274.4424 266.1362 93.17007 92.41081 163.1945 210.4008 108.8861 112.934 104.976 144.3682 68.96249 316.1322 293.8602 216.9919 62.16755 34.43198 212.2903 221.7816 227.4344 225 48.8988 43.68476 341.5651 255.4689 271.0267 287.582 277.5025 304.532 155.0882 341.0144 309.4007 62.99205 58.30196 13.08813 198.2519 34.29102 47.74809 332.0024
244.3798 228.9452 266.6945 266.6945 277.5776 264.1534 51.38156 84.8517 96.06158 168.307 221.1533 48.21377 65.59206 73.3457 73.3457 216.5483 228.2037 229.7106 85.48602 183.2245 336.4685 294.9698 312.4181 340.2011 278.1454 278.1454 273.7734 77.837 68.78738 100.0667 230.6418 108.8861 115.181 237.9033 324.9375 309.5501 320.8264 326.0496 269.3534 31.73352 34.43198 222.5907 222.4794 229.8164 225 23.0913 5.092115 11.0702 325.6764 271.0267 329.3258 296.2444 82.56859 115.5321 151.2827 144.6033 74.87764 9.699044 13.08813 328.3998 351.6457 346.5016 336.5587
339.2807 340.1847 269.5439 276.1001 274.6299 144.748 85.27201 74.69453 96.06158 133.8599 231.3577 170.7695 111.4916 58.81175 267.1422 268.6805 223.0995 142.4206 165.403 165.403 194.076 161.3294 184.4192 204.8057 312.5305 314.0371 64.70697 68.43492 74.28876 156.5571 156.5571 132.0768 47.05151 237.9033 234.5273 246.9974 340.6515 351.2094 244.4317 103.8243 19.15387 19.15387 222.4794 215.6466 201.1135 -1 -1 3.760885 358.9073 309.2321 292.9606 45 45 66.19855 138.5932 143.2455 164.6124 170.9801 342.7951 181.1033 344.7386 313.2643 39.34052
346.6447 340.1847 296.8367 267.1685 297.1703 36.0052 78.60194 53.36975 22.62481 337.9887 202.1145 111.8109 354.3246 119.8405 207.3203 237.1729 188.6922 140.1013 156.1592 190.751 142.5593 154.2268 218.9615 251.9631 237.3351 244.6894 70.80453 72.47733 74.28876 85.11799 186.5719 277.9376 317.3126 6.640902 286.6609 246.9974 291.6423 333.8444 323.9965 19.44661 60.84308 310.608 227.2227 221.7999 216.5237 225 225 58.52639 35.06963 305.7031 277.6562 24.80941 57.44423 88.57503 116.6778 162.3702 158.7398 158.7398 167.4227 167.0054 167.2709 192.8671 39.34052
239.0362 310.7858 258.1155 267.8671 11.26421 359.1832 9.81423 57.39852 41.93814 18.80882 162.7342 138.1005 354.3246 345.1461 359.732 206.6966 102.6733 128.8785 162.4185 202.4761 136.4879 154.2268 243.7529 254.4473 252.7508 85.91438 57.19889 59.86734 61.17416 45.9282 186.5719 264.2138 276.1252 10.7213 355.4297 260.203 239.1169 332.6676 15.15868 36.92727 21.52648 285.8941 303.4688 270.4286 240.5209 229.8991 45 49.85661 33.55066 285.8431 257.1826 291.1048 37.74197 52.80349 35.67929 162.3702 255.1137 325.1605 282.0822 346.2771 256.6437 275.3937 238.6975
226.3777 143.7812 198.0506 239.3459 209.4884 359.1832 59.02329 54.01299 71.29047 38.69004 194.8455 194.8455 300.2634 312.239 359.732 335.6807 38.32207 337.6199 310.4368 76.18867 353.1097 257.885 257.885 254.4473 248.9416 278.8806 73.49564 73.94931 55.48466 348.8612 300.4075 292.2064 348.861 348.861 0.05056996 320.6011 287.4639 253.9785 38.65981 36.92727 345.922 291.8362 291.4069 281.4957 253.6908 238.8819 225 56.48199 33.55066 357.4471 273.0775 293.1986 56.43652 23.83066 15.66447 17.56914 324.4717 325.1605 307.25 321.5768 324.043 301.0348 319.2707
147.1819 162.935 237.9456 235.1267 247.4314 213.2066 27.96398 54.01299 39.55282 9.95964 349.5867 327.5288 288.725 318.4606 20.60487 15.54416 38.32207 321.8099 310.3698 5.803576 8.79857 290.4496 283.1578 259.6952 266.5716 62.55034 63.50893 63.50893 56.04215 350.2991 308.4281 300.6997 306.4323 346.1225 354.5942 349.0123 317.9693 306.7999 306.7999 43.28507 353.9939 291.8362 285.7055 294.3956 274.2096 277.9175 100.6197 113.0704 41.82017 41.82017 273.0775 236.6185 45.6095 25.06647 13.30239 350.3552 327.9843 324.6117 319.893 328.2141 328.2141 309.6665 311.2787
165.6957 181.9385 237.9456 238.5541 232.9155 259.6467 74.98164 41.90506 14.56526 9.95964 309.8727 351.3932 283.815 283.6512 45.83536 32.16705 301.355 294.6748 358.0991 16.74716 309.5579 287.4486 285.4357 275.6122 274.0018 78.94854 66.80141 58.3442 47.80476 251.565 260.6372 200.0106 294.7054 317.5638 356.2099 342.4475 317.9693 270.2653 148.4957 349.1346 337.0789 297.0978 280.6153 294.3956 287.7269 253.9797 132.3974 125.0636 115.641 350.3948 236.0235 190.7327 27.53355 17.47209 17.47209 357.8937 333.3816 335.8264 329.7813 337.249 322.94 340.2532 32.63751
237.5376 269.0005 237.3099 237.3099 232.9155 216.3196 81.39861 38.88636 8.512755 320.0699 342.4621 332.8262 285.176 353.9733 30.82607 49.68803 284.804 281.3505 322.9407 358.4599 309.5579 291.9765 298.7112 282.8628 76.20052 58.34873 47.68639 59.121 40.52948 251.565 168.5229 168.0448 203.3327 229.381 131.4237 135.0863 255.9638 154.3013 148.4957 260.399 302.0054 324.1479 303.6901 267.1471 255.4111 104.1723 93.12213 267.5805 185.9061 283.4957 71.56505 146.9761 149.2026 155.3362 5.161098 340.622 112.1663 335.4584 352.5126 345.7982 332.2618 14.89134 80.74427
322.3906 311.597 273.8552 269.2217 218.2421 215.1701 9.51602 10.12154 10.12154 355.9544 350.046 353.8813 311.2859 353.9733 43.12672 347.7242 275.3164 326.7946 269.6947 269.6947 324.386 281.7729 298.7112 253.7151 132.1553 86.31937 61.15734 23.12499 19.79081 41.51421 41.51421 168.0448 224.6548 240.7209 62.04201 76.31979 163.0522 259.183 252.1992 272.8261 323.0732 323.0732 306.6656 284.3646 259.886 58.24052 44.48845 267.5805 222.1376 100.6256 137.9569 167.0196 158.0133 179.282 159.1609 145.8403 112.1663 160.9065 174.1737 76.30412 114.1142 106.7798 148.3438
315.6322 315.6322 304.0353 288.9704 259.962 269.5626 211.2005 30.06858 6.389899 350.0297 347.4159 328.3229 347.0054 334.8057 29.44425 347.7242 303.3137 321.2149 323.6428 321.1028 286.5769 278.3075 246.541 113.904 132.1553 138.4893 148.7363 15.75117 15.70197 357.163 344.7979 319.4115 246.2973 279.4623 37.75011 37.75011 335.8409 292.4638 276.6473 271.921 312.3162 324.3236 268.9191 260.0958 276.6544 22.38013 22.38013 347.7352 116.4046 100.6256 109.0505 162.3239 191.1724 207.2417 124.1798 141.6628 156.6444 156.6444 174.1737 146.8739 105.9958 109.9164 138.4593
312.4969 316.5498 298.66 297.9138 290.1448 273.6522 272.4896 257.7352 329.2068 297.2553 347.4159 338.0394 19.15561 27.37361 13.70942 311.1997 276.6702 321.2149 18.33833 172.5605 347.7639 229.8097 316.7534 54.335 144.28 233.1981 305.5377 341.5651 23.68209 357.6858 349.9657 3.404982 8.160981 236.2169 311.8636 357.2034 322.7308 312.0077 274.4816 280.1093 277.125 284.5345 350.7539 254.3578 276.6544 29.74488 106.0736 106.2234 123.9667 118.4835 155.1331 162.3239 199.1372 219.7513 126.1251 103.2443 156.7886 181.9961 199.6714 126.3572 92.90537 104.4282 104.4282
297.481 311.4604 285.1358 297.9138 246.0375 194.7782 206.565 190.6789 157.5332 144.0629 154.6538 154.6538 310.1792 356.4604 358.4319 323.8334 3.735659 116.2095 135 169.8483 207.6211 238.5588 226.7292 12.45 16.68154 339.0389 269.1931 296.0296 23.68209 47.05765 80.53768 6.009006 342.646 319.5098 303.3741 356.9463 344.7449 312.0077 262.0825 221.9059 28.30076 125.5377 250.4633 262.2843 236.8887 165.8157 106.0736 96.91839 98.08031 129.4691 161.3999 211.9081 219.1592 154.9831 76.93727 103.2443 117.178 180.5625 197.4908 182.5972 74.57351 50.5838 129.385
292.4037 263.5169 172.3255 154.9037 170.3999 194.7782 160.829 163.6105 160.1148 149.723 186.3402 213.9729 316.8841 323.6157 321.2711 18.71859 18.71859 63.37006 23.12308 171.299 219.8877 238.5588 210.8885 210.6926 50.5722 170.9421 265.2099 265.2099 48.69139 64.26929 80.53768 147.1042 178.8334 304.4504 185.7487 55.55181 102.1982 190.6348 190.6348 221.9059 230.0424 52.12502 243.699 267.5998 141.3402 108.8921 107.2584 88.42255 99.71171 99.71171 131.0583 206.7223 197.4254 196.0519 120.1545 67.49018 51.6511 174.5323 184.8451 213.7582 158.9798 38.03795 59.67208
