Deprecated/Runs/TestCases/Input/Site.txt
ncols         100
nrows         100
xllcorner     -59982.863281
yllcorner     1851083.022172
cellsize      1000
NODATA_value  -9999
[rows 56 to 83 of 100, columns 0 to 62 of 100]
170.748 141.789 144.2959 148.2282 172.819 157.6806 144.2751 170.2038 192.6835 192.6835 204.8874 199.5583 194.9429 192.797 321.2711 39.69489 57.21017 20.55605 46.78991 212.1523 240.124 233.3057 204.5936 210.6926 90.44762 61.78983 231.009 182.6542 32.9628 76.59544 123.4175 168.8986 178.8334 183.9593 195.2384 78.34071 64.97426 160.4714 231.9789 250.8087 34.2611 214.6952 242.8562 242.8562 55.0975 67.67796 99.92836 82.19796 75.42218 56.64093 196.1157 204.6026 239.0714 219.1964 219.1964 65.51553 39.4875 109.936 170.3183 213.7582 197.7522 95.6911 42.73524
163.8168 134.0988 110.4926 134.5638 173.9041 199.949 97.44447 167.548 204.5831 229.844 153.435 122.4712 193.9061 233.0795 222.7868 292.8336 57.21017 39.18239 28.26124 14.6059 315.6366 200.2249 190.9611 259.0075 53.0933 61.78983 163.0339 180.2274 208.0725 58.79525 53.6465 12.69374 192.5029 215.0137 246.7561 48.96031 48.14377 50.91193 263.0805 239.2307 225 54.34467 263.0656 287.9873 86.20275 96.27108 76.52218 54.67496 57.45731 33.43648 41.11418 242.1363 239.0714 243.9246 180.2569 47.55481 57.20813 88.23104 230.8655 224.4234 196.1782 95.6911 33.55066
161.4445 162.2424 110.4926 230.5275 273.827 311.1859 15.38626 243.773 243.773 219.8278 223.5535 122.4712 274.2679 257.6353 246.382 65.79411 44.12532 29.25796 21.3197 21.3197 62.87374 144.5148 169.796 211.9121 189.353 106.5445 164.0844 217.6073 57.26477 358.4518 13.23667 0.3053032 353.7922 315.6821 230.1852 187.8691 48.14377 2.570737 259.4251 254.299 348.4248 52.22432 333.4349 238.7363 87.24751 96.27108 92.37184 75.77403 41.52427 45.08025 13.95451 245.5699 239.5845 223.7811 180.2569 95.79922 47.67781 41.21964 352.1928 212.5913 228.0727 250.4269 25.11881
174.4987 174.4987 138.3082 304.5484 273.827 274.6929 329.7626 351.3619 326.5752 258.488 299.6499 330.9958 311.3827 257.6353 237.7378 193.6168 48.45084 33.05582 53.26717 65.1763 105.3706 130.0073 249.6689 247.9952 247.9952 74.54158 83.57941 197.3662 203.0676 358.4518 345.3791 16.78264 346.1237 12.15614 258.4183 258.4183 58.99316 38.4899 259.4251 246.7289 240.8995 18.00416 330.452 42.39744 60.06372 63.52561 63.52561 75.77403 46.54816 36.13087 25.37315 349.6057 238.014 249.8194 166.4296 86.67688 35.1398 35.1398 17.81252 304.6598 267.4142 237.5966 205.5041
136.5802 225 254.8989 209.0667 235.9679 182.2584 329.7626 35.81116 156.4747 231.5198 187.6397 57.22512 211.7151 261.4509 193.7252 90.93919 41.76899 41.76899 22.29058 39.18239 55.29916 21.99113 249.6689 255.5737 252.1703 73.22569 99.74964 217.9236 232.9838 214.2088 158.2632 16.78264 5.599339 38.80359 322.4445 307.346 32.94082 3.134771 258.5229 260.5817 240.8995 335.647 341.5651 326.5601 69.32558 64.92281 14.13048 21.54928 63.55634 32.58255 12.64215 12.64215 293.9698 278.3457 218.3333 115.796 75.28796 54.62815 5.024075 168.0586 174.8726 209.375 209.375
94.1402 178.2144 198.0649 177.8972 169.9816 174.4851 160.8411 143.7035 151.3985 181.5074 212.1851 175.02 201.6087 255.1916 7.19347 184.2739 177.6889 21.17055 49.55377 53.24071 19.62611 357.4809 310.7272 260.9068 252.1703 72.32308 64.46452 225.248 228.6095 145.2651 149.1746 187.394 194.7654 38.80359 348.1929 270.8725 36.62133 15.07913 309.3617 278.6237 276.5321 290.556 15.75117 75.77403 75.77403 58.54233 19.89131 26.34497 63.30364 64.50245 34.00373 314.6513 291.2079 325.5392 92.08257 101.5405 99.92166 101.2258 55.64207 64.67024 174.8726 204.1337 222.4875
133.4997 210.0989 186.6255 151.8625 183.6115 183.6115 161.531 139.6936 136.5154 182.4366 212.1851 198.6017 214.2947 303.4952 347.9694 132.0166 132.0166 191.3099 18.01211 53.24071 27.67828 8.21921 294.6601 259.1045 55.10092 52.76958 78.69007 78.69007 233.6744 180 91.14576 192.9719 197.3584 145.4077 190.6429 343.7676 25.34618 7.280289 341.1753 289.0137 276.0441 15.75117 101.5601 90.27679 51.88826 32.20354 63.97966 76.80143 96.1155 47.64624 83.5854 294.7585 252.5685 325.5392 47.23698 56.5871 116.1139 51.54629 47.67855 51.14111 92.65975 214.6027 222.4875
84.63693 211.3432 199.6307 151.8625 195.5844 154.9831 130.1736 128.4229 181.9183 181.9183 216.1819 193.9996 214.2947 214.9118 223.9391 62.32949 78.8746 233.2525 71.56505 40.21153 78.36636 8.21921 308.6984 254.0912 135.2046 72.2327 38.53362 317.5662 232.6987 263.6598 323.9985 287.9691 287.9691 193.2624 254.9137 223.0838 236.0409 7.280289 310.8229 282.875 84.4278 129.3246 107.8019 107.8019 74.01036 53.27589 63.97966 78.5563 70.59196 114.4271 132.5319 181.2631 193.764 65.40988 65.40988 56.5871 9.069293 356.2905 54.035 60.03782 350.0064 281.4053 255.9638
341.382 288.4921 311.0577 195.3104 287.1494 154.9831 62.78123 17.69282 277.6404 283.5513 266.481 294.9475 234.1534 223.9565 223.9391 30.96376 37.41073 243.7225 205.9423 87.87891 86.27594 232.8661 268.7429 162.0013 17.8787 17.8787 35.6924 48.88791 237.0557 221.8075 323.9985 342.9318 318.5865 309.3693 334.9831 267.1376 328.3925 5.710593 325.2348 282.875 107.7158 102.1639 116.7108 126.8256 179.297 97.24809 53.80465 39.5853 70.59196 70.91667 99.66702 147.2039 187.696 207.748 200.0952 348.5157 40.51539 44.54408 71.35146 71.35146 13.20483 265.3195 253.4665
323.7559 326.5177 309.4294 320.0199 338.9874 36.93835 351.2026 321.2276 321.2276 302.5516 275.5932 264.5942 289.4818 236.3415 243.0939 59.41596 325.878 236.3653 112.7074 93.07333 87.96019 295.1735 279.5343 345.1243 294.4059 38.24179 64.23203 15.20241 243.435 253.9366 246.6079 256.2184 318.5865 282.3005 181.9091 259.2157 184.1977 52.27501 111.3706 111.4477 99.16235 102.1639 91.68468 87.44286 182.0242 163.3118 58.42437 37.40536 52.00938 56.79879 106.3599 299.9084 299.9084 214.704 212.4428 243.9353 64.09349 79.10943 49.89909 59.18111 292.6199 297.251 273.3665
2.314476 2.314476 226.7405 323.9067 353.6598 24.81877 331.4195 323.5836 338.4143 274.3259 283.9239 312.5291 316.4831 316.4831 239.3227 209.5115 29.00944 93.65222 112.7074 135.8032 254.4858 288.2307 296.5651 313.7078 313.7078 56.73857 43.29712 15.20241 309.11 295.9902 258.536 271.3479 287.0205 93.81407 143.6804 143.6804 184.1977 168.5866 167.4712 117.4287 92.54481 112.2276 105.8736 126.3572 177.3974 224.375 172.875 9.865807 47.04157 34.24274 21.99979 338.9825 274.8143 243.561 231.2635 286.6543 22.72725 32.31523 14.53446 12.31076 329.1415 297.251 300.5044
41.24504 33.45747 228.452 214.3951 142.5947 332.7097 332.7097 306.6014 322.514 317.8624 303.7899 312.5291 328.0258 343.8866 254.3272 75.51024 77.05845 77.05845 119.1643 200.7722 254.4858 277.5946 303.3106 317.6264 337.6199 34.24203 52.31701 344.985 306.2349 295.9902 275.1151 254.6044 281.0035 86.93352 116.7886 157.0924 189.1302 197.1027 140.0424 60.50703 60.50703 75.657 37.39016 82.31091 23.55226 224.375 222.0643 115.6719 55.35089 88.96501 11.87027 11.87027 341.4378 310.7858 231.2635 230.7106 180.3604 20.00073 2.533559 358.9744 135 259.249 259.249
88.43777 6.705012 286.4032 272.1566 142.5947 261.4561 280.3048 295.5437 313.884 288.9094 189.7394 313.2971 194.0362 343.8866 282.2126 307.1467 69.20927 53.19086 312.7591 298.0367 285.8633 289.2821 303.3106 26.3233 137.4147 94.80795 101.1057 103.9027 181.0809 274.1665 286.9797 262.4506 97.3996 97.3996 105.6576 135.9829 186.539 202.2176 206.565 110.8209 37.2254 30.96376 58.12953 51.85976 278.489 268.1989 229.0496 115.6719 80.27541 73.48634 116.7321 200.8622 287.2517 302.2015 261.3505 236.2258 180.3604 328.183 341.8383 27.28887 47.5448 205.622 207.4112
194.9574 235.3629 12.99462 78.17851 222.8672 222.8672 280.3048 267.0599 186.1926 140.9778 157.4639 147.3349 161.6736 231.4974 249.7174 64.61947 64.61947 58.91399 328.8254 299.7262 288.1573 266.894 96.87 126.1086 148.3052 93.81407 98.21921 120.6272 174.1385 232.1466 243.2437 300.2113 55.56101 94.59641 98.43487 226.1935 224.8447 241.8699 218.3226 221.0995 74.88653 65.79411 58.12953 40.34889 316.7014 299.5214 339.5901 62.35402 51.80633 73.48634 57.42417 346.4052 235.2527 229.7835 345.6997 178.8368 271.1899 289.8722 39.44463 45.32188 45.32188 35.32664 273.7279
171.3457 235.3629 180 46.67738 268.6822 275.4004 264.4007 125.8529 132.608 132.608 148.0193 168.451 170.8759 212.8923 221.4299 69.0755 46.45482 335.041 305.112 301.5514 293.6294 293.6294 87.65072 88.45184 158.1347 150.104 98.21921 150.2551 215.8993 243.8826 253.4339 32.69199 32.69199 67.69587 64.38662 226.1935 244.1408 237.3391 222.5737 204.1455 46.0675 51.34019 42.73524 42.73524 316.7014 213.4078 245.6235 20.43283 47.37077 32.41231 10.25049 255.8721 213.6012 158.8265 158.8265 141.036 216.4248 224.5145 54.8193 40.34889 8.938345 333.6329 357.589
297.7585 246.7185 34.11447 46.67738 335.4516 298.6466 297.646 57.27473 113.0861 0.2938219 203.2861 249.9156 284.4122 239.5809 239.5809 211.8275 37.65878 357.022 321.2773 301.5514 330.3409 67.3597 95.77432 107.7839 166.0024 166.0024 109.6871 96.56973 215.8993 225.6548 225.7073 249.9048 72.13991 70.30933 93.05419 218.7966 230.5965 237.3391 197.8503 202.3382 77.00539 61.24563 54.46232 42.96019 159.1022 239.8181 326.1547 33.05024 33.05024 35.82957 17.37777 9.448875 352.671 213.8481 32.981 221.5511 237.701 230.2707 34.44326 34.44326 25.41301 319.1182 357.589
320.2756 293.7411 196.5178 328.7608 298.9614 300.227 33.75269 36.4415 40.66312 337.0707 323.5645 324.0372 284.4122 271.8388 267.2888 332.5256 47.93567 332.3189 287.2415 292.6024 307.2348 67.3597 85.56972 76.30486 197.7264 260.4968 78.74357 313.1014 241.7789 241.9994 225.7073 229.5847 65.80679 73.23251 71.40456 197.5766 228.7693 203.4774 226.4465 219.4885 69.55045 69.55045 36.68972 19.92395 19.76173 328.684 258.3407 21.80141 23.69069 12.73783 14.42077 356.4827 352.4762 320.1807 325.8403 319.9102 276.5016 230.2707 161.2502 32.31962 337.5394 354.3824 351.27
12.28095 3.936549 356.9385 243.0311 269.0371 274.2815 339.444 36.4415 0.6944603 283.3487 312.0054 339.6966 298.9225 298.9225 267.2888 274.3987 34.42648 347.6003 327.2648 130.4622 105.9936 82.99171 54.69075 337.3569 337.3569 289.6889 71.131 16.88213 268.2902 262.7441 251.565 207.4744 67.38795 64.80849 29.68718 40.47118 265.905 230.1944 257.4326 248.3925 135 48.90049 21.37062 50.22819 2.541487 355.4095 298.2542 289.9164 11.57519 16.27967 14.42077 349.4127 350.1939 332.9662 338.8387 321.9635 319.173 250.8936 206.9165 32.31962 326.2589 345.8378 5.792797
12.28095 348.887 340.5977 298.4689 324.8379 284.1053 284.1053 51.00901 20.72556 283.3487 269.7909 296.4151 320.3108 291.3335 275.2578 29.0546 348.4952 348.4952 347.3196 61.44861 46.62729 75.20552 42.20406 2.170957 327.4949 9.099951 7.926927 321.5736 284.3266 284.3266 262.4898 239.7827 81.11418 68.24427 29.68718 313.7971 304.9547 266.7776 262.0151 203.1986 203.1986 64.13364 10.7843 50.22819 9.605205 356.476 337.7215 328.4612 8.702224 13.72519 350.3036 350.3036 350.1939 341.4899 332.4665 346.6813 341.8594 338.2995 317.2906 284.0853 320.2624 15.78426 15.78426
25.14478 321.8043 340.5977 315.6924 329.2811 295.5977 314.5061 1.619237 342.0911 311.8337 309.8737 296.4151 320.686 298.3008 281.3099 341.5651 346.7595 7.594644 50.14277 35.99825 31.25095 17.73314 17.73314 0.5040554 338.471 336.7791 357.2506 321.5736 306.7513 316.6707 284.5345 94.08562 54.49278 54.49278 34.84094 317.9579 304.9547 297.7659 292.9436 223.7546 199.4861 358.0251 20.43283 359.6834 349.2673 356.476 352.295 335.6546 3.844136 12.47907 351.9456 349.7186 345.6386 335.0502 350.345 352.9075 352.9075 355.352 337.3801 282.7244 273.8141 45.74406 46.15733
324.8277 310.6013 329.6567 328.8972 329.2811 306.9888 299.9911 325.4653 305.6952 335.8873 321.789 335.7907 319.4327 288.4349 270 108.435 96.34019 144.9506 90.53546 111.1941 31.25095 29.12405 31.20619 345.6421 2.260502 327.3516 325.0743 325.9581 287.6337 316.6707 3.900494 47.663 48.36646 20.7029 334.4303 313.3686 321.8817 331.3895 292.9436 295.9065 324.4623 194.5889 159.444 34.2157 11.30993 356.3086 337.5431 11.19803 17.86009 17.86009 356.3165 347.3376 350.7425 342.3835 344.6938 359.4271 15.31282 8.130102 320.1944 270 47.04541 70.74071 58.7716
329.1781 301.7014 333.4349 331.3138 310.4978 303.6901 305.2176 294.3701 281.7065 307.0304 325.4375 338.8865 327.5288 334.1336 346.4296 108.435 126.9571 127.5041 128.5812 200.8545 358.0251 358.0251 31.20619 356.1859 341.0753 343.1063 333.8576 314.5489 313.3317 24.20588 50.64055 4.053554 4.053554 0.3390243 342.9084 322.6819 334.3063 340.0169 359.5489 6.483074 240.2551 167.0054 141.3402 139.0856 169.6952 225 45 42.51045 38.23383 359.0179 347.9574 11.30993 349.1145 0 346.9581 2.321531 25.05098 19.79888 320.1944 268.4089 288.4349 59.63828 349.3803
310.8404 316.9749 334.0692 334.0692 304.095 288.4349 313.0909 303.0707 281.7065 277.5238 118.8557 115.9744 143.5046 136.6847 136.6847 85.19205 99.00851 127.5041 125.4509 164.7034 164.7449 173.8775 9.409222 268.9949 349.888 349.888 338.6294 334.1671 294.444 45 90.3274 113.8059 161.565 347.7352 278.1301 141.5569 302.9052 302.9052 15.4077 25.34618 9.904183 30.52971 141.3402 178.2643 220.9144 -1 -1 56.56013 56.56013 14.26451 342.2553 11.30993 0 6.709837 10.0806 30.54757 24.44395 9.280046 288.6767 288.6767 288.4349 37.60599 5.848922
322.0626 316.9749 328.8514 338.0851 285.8324 303.2317 295.0169 281.3099 293.4774 149.0362 118.8557 121.5618 133.4826 143.6371 145.3797 128.4925 143.1301 137.8253 158.0231 164.7034 149.404 172.6694 170.0594 179.4154 186.8428 135 0 122.9052 122.5741 103.707 103.707 120.4655 138.8337 176.855 175.684 141.5569 183.5035 230.6176 45 54.46232 52.30576 52.30576 54.09028 90 220.9144 225 -1 72.34988 63.85316 291.0375 336.2505 9.246113 5.332159 6.709837 6.449535 18.72579 20.39488 12.36249 327.0223 296.8869 350.5908 25.11484 332.8189
330.2551 328.4957 319.0283 338.0851 297.1399 293.9625 300.6773 144.2461 127.1083 132.3102 130.7026 133.6616 137.5638 137.5638 138.8251 128.6861 139.1544 137.2057 150.0845 155.4249 173.8333 172.725 173.1522 192.5137 176.8675 187.0626 127.1645 141.9939 122.5741 116.2916 137.5499 109.1871 157.3946 191.8215 167.1712 161.565 151.543 230.6176 113.0255 114.444 51.63251 59.34933 78.17851 196.3895 217.875 162.3499 -1 88.02506 84.61069 300.0686 278.7462 20.22486 18.43495 11.97613 32.82854 20.30844 16.92751 16.92751 341.5651 310.0834 297.0506 51.13726 28.96006
323.858 316.3169 336.6823 309.2894 236.8887 102.3808 102.3808 132.1376 120.0184 125.1542 124.796 116.1856 136.0675 146.1629 127.9374 145.7228 140.4323 131.1099 135.5813 159.1395 166.1909 170.1698 158.9162 192.5137 200.7104 147.315 128.499 157.9816 136.057 136.057 137.5499 129.9709 146.1599 180.2513 159.5708 154.0359 176.9429 165.6272 173.5684 15.9454 15.9454 60.17292 80.83765 119.7449 188.4711 155.0952 156.541 133.0909 329.0363 294.8637 313.0251 341.5651 15.64225 29.57784 22.9321 11.57519 7.125016 350.3482 328.7173 326.6336 36.3045 62.99309 50.81563
327.8356 318.252 320.4774 11.09372 67.61987 130.3999 110.1906 129.2128 129.4885 118.3499 102.2502 102.2502 110.6902 120.7513 133.8743 139.7636 140.4323 111.7902 81.38435 153.086 190.2109 172.3458 172.3458 202.6236 220.5488 147.315 92.12794 116.4034 135.8044 162.4112 141.3402 131.1965 190.8214 190.8214 159.5708 153.6292 178.573 173.8438 181.3069 215.4699 133.1221 77.68056 84.80557 90 143.1301 143.1301 183.3665 300.9637 284.0363 294.0755 313.0251 13.24052 48.7314 13.3925 5.194429 356.0548 356.0548 353.2902 322.125 326.6336 54.70665 78.5697 318.2705
324.4623 174.8056 126.4465 141.1964 141.1964 124.9631 135 104.6568 89.38394 118.3499 82.71971 61.76962 67.74768 13.65042 33.40783 332.444 148.4258 27.73596 81.38435 37.1902 358.2851 215.3187 260.2818 259.9039 267.8434 84.75383 94.28185 116.4034 131.4731 154.9748 170.4309 133.1623 222.6816 176.0995 115.0927 177.625 188.3581 195.8872 195.8872 212.6417 203.7136 97.0284 62.35402 90 265.6013 270 298.3008 296.5651 278.5308 270 300.3791 347.7352 48.7314 8.471145 354.4007 351.8699 350.7539 322.3058 354.8056 69.97391 70.55997 78.5697 356.9872
