Runs/TestCases/Input/Initialization/Age.split.sim.txt
ncols 100
nrows 100
xllcorner -59982.863281
yllcorner 1851083.022172
cellsize 1000.000000
NODATA_value -9999
[rows 48 to 95 of 100, columns 0 to 95 of 100]
1048 82 269 44 22 144 69 18 452 589 36 162 190 148 714 1205 411 290 447 75 274 670 192 9 630 249 73 26 742 38 4 57 364 202 304 487 131 1062 78 89 38 247 5 53 457 1 1 1 1 441 197 1 30 18 385 474 1153 178 64 967 72 732 52 147 314 16 380 591 139 1786 94 218 877 128 312 1098 218 158 976 635 96 188 55 753 197 30 527 398 35 1180 552 158 8 35 4 77
469 257 161 1037 844 2 20 8 80 284 325 362 192 76 297 435 485 111 589 757 701 506 813 17 101 245 102 64 247 96 798 357 89 340 4 206 124 211 114 69 155 46 212 11 100 1 1 1 13 94 385 62 277 30 12 70 1088 29 35 134 15 61 51 160 30 521 140 44 92 14 39 60 5 57 128 116 12 3 132 35 27 41 549 694 72 1540 65 75 439 196 251 32 16 32 88 17
132 1127 462 706 243 14 13 86 29 1 142 670 1221 206 286 1180 180 456 322 810 289 552 408 67 9 289 27 28 766 502 73 9 1 35 80 50 32 59 30 41 938 7 44 27 145 17 1 60 982 162 57 56 45 345 1328 53 52 29 107 18 49 73 37 52 1125 222 40 68 10 27 30 12 15 510 74 2 48 749 27 316 60 553 67 557 1302 493 88 5 341 595 161 405 1317 143 297 1107
67 715 5 68 53 651 1 299 45 11 96 25 634 494 286 40 424 305 594 187 303 36 1126 9 1047 305 3 89 442 109 141 56 686 45 128 28 28 785 38 6 53 76 60 121 302 103 285 1182 84 344 1 89 503 82 46 2 134 190 30 16 54 33 12 8 18 809 21 15 128 70 26 1 261 209 20 69 49 795 35 1100 734 169 2 1053 124 734 811 98 238 59 42 7 406 1261 583 186
904 926 226 118 79 252 126 5 125 108 52 177 30 154 562 13 35 5 25 1 54 13 147 725 541 382 12 7 39 495 100 394 1 25 61 30 251 433 51 116 2 125 132 361 168 5 220 410 22 73 53 71 20 146 769 148 57 55 174 465 23 23 28 155 190 741 79 619 48 7 20 123 19 6 73 20 7 22 559 540 43 37 586 8 136 159 763 159 164 27 8 95 908 354 368 1247
12 401 110 91 509 299 500 546 1 56 44 57 420 337 291 6 379 748 333 304 464 84 751 1 22 248 1201 494 3 56 948 434 268 6 31 150 20 153 178 52 164 1687 25 282 1 206 1 686 19 33 98 7 31 87 930 1 16 35 668 45 32 68 124 697 52 25 22 57 17 71 115 350 71 94 71 121 47 39 4 47 27 70 814 511 747 747 404 810 316 124 111 116 592 284 231 790
95 153 83 28 192 70 2 26 26 53 56 101 4 162 31 798 19 67 137 84 222 696 1098 294 30 21 35 37 68 1 6 77 82 244 46 6 872 60 121 343 147 30 95 15 321 111 99 155 25 828 110 62 218 41 80 114 1 613 586 118 17 286 1370 7 378 37 172 77 474 36 90 48 17 4 57 4 34 1636 8 50 12 7 772 262 925 228 261 429 317 28 15 106 451 34 125 430
413 33 228 103 56 303 43 722 42 81 184 55 549 32 110 211 336 64 221 1456 1 15 222 71 362 295 97 36 1160 1 25 27 155 116 350 4 17 53 90 1443 174 30 101 195 16 513 37 72 1 184 85 13 51 2 46 801 285 61 35 13 2 13 42 106 227 109 16 29 12 19 8 34 62 190 14 79 1555 94 409 1 250 814 1341 67 160 40 239 727 279 31 112 221 1162 930 564 417
79 140 14 356 14 80 81 81 176 189 401 1577 1497 1 103 1052 779 174 733 147 116 61 258 646 1004 12 935 1 1 269 125 41 13 25 557 47 46 28 248 13 96 197 22 3 93 785 152 170 86 533 146 21 2 365 14 30 31 214 91 77 47 170 20 354 433 143 9 85 7 75 328 42 441 91 88 731 106 48 44 560 161 160 995 320 284 422 796 57 96 334 142 8 1032 72 777 93
428 38 11 21 14 34 688 504 14 161 42 522 14 293 322 49 1146 68 257 162 119 56 43 675 286 227 21 1 1 45 130 108 86 53 15 263 67 457 10 1 286 51 53 7 28 15 13 93 58 472 389 393 100 74 34 22 35 71 162 904 22 3 410 48 229 177 55 107 13 206 10 20 224 729 393 221 77 361 44 17 51 37 113 129 424 778 160 960 756 38 628 280 328 640 605 697
135 965 6 19 576 13 31 821 7 13 87 748 16 916 66 40 19 81 542 872 944 1 966 823 10 51 91 191 1 383 915 122 8 42 145 591 22 224 64 4 114 137 315 47 56 92 6 6 37 224 1333 789 351 105 3 17 168 189 244 1061 45 39 105 78 89 357 446 150 17 832 22 415 84 81 64 13 985 87 273 15 81 87 492 34 183 50 1146 822 40 11 285 743 107 720 914 99
978 13 45 1744 438 1182 28 13 118 35 20 3 36 86 225 202 45 11 315 725 14 690 287 489 249 554 94 31 1 1 33 16 38 7 8 117 2 44 131 124 58 64 698 83 35 22 225 49 28 282 245 115 43 661 206 166 47 244 275 303 35 9 4 118 292 168 1275 12 380 27 102 4 44 572 125 303 13 624 111 80 149 772 110 840 31 33 1231 20 593 138 74 94 259 123 346 349
243 843 280 760 64 177 2 9 155 58 652 469 406 33 263 1 16 32 1248 8 775 35 1907 4 141 231 6 35 3 1 1 23 4 263 525 1 245 548 92 111 136 1219 1 22 318 290 247 218 68 44 638 577 1483 25 1043 51 48 572 72 606 26 1522 675 6 306 52 96 27 10 71 1 21 554 245 305 201 298 44 10 23 85 142 162 789 44 17 24 80 147 47 53 27 19 302 728 301
293 1207 1211 5 237 76 85 108 24 474 222 12 945 23 837 5 10 639 62 9 24 123 124 281 9 42 6 4 105 21 1 1 1 427 79 42 37 5 10 8 1 157 34 132 54 8 570 3 3 119 1000 5 234 47 940 5 157 73 291 561 32 6 754 411 120 872 521 670 935 951 827 1198 1 1253 137 12 456 15 105 148 226 322 364 8 152 120 28 23 117 5 41 53 322 136 1600 610
142 1212 276 1 115 43 37 456 33 326 104 42 107 4 102 287 226 392 872 92 557 553 142 52 20 54 114 738 828 100 311 44 347 1016 5 35 78 54 76 173 1330 39 45 6 80 35 239 93 493 100 866 22 54 4 44 17 208 1 34 114 101 107 41 1394 124 16 555 157 109 350 797 460 76 263 310 35 36 92 74 36 496 697 6 1003 7 26 112 9 25 1 80 7 66 286 1058 1005
447 33 73 1792 92 274 119 965 161 745 228 2 26 20 1 6 854 104 157 1522 76 319 160 159 82 86 80 171 23 160 37 1 495 512 1119 80 713 29 195 53 43 25 24 29 322 63 37 26 31 25 282 34 668 12 92 6 46 40 100 513 2 502 379 81 79 112 334 71 101 71 104 74 453 29 34 60 330 56 28 435 328 548 134 258 47 16 3 8 42 7 56 13 91 60 259 106
1 240 99 68 703 315 275 290 37 158 1759 309 581 60 105 1 66 21 275 5 110 70 39 24 889 27 80 507 19 137 2 541 58 308 93 34 4 549 13 13 9 194 14 59 25 4 10 444 273 9 78 23 369 27 38 131 29 22 68 15 163 2 34 445 84 26 272 356 55 1237 69 3 879 9 49 137 30 26 883 824 195 920 441 461 65 44 59 15 67 31 108 147 410 217 923 136
36 644 77 72 869 300 584 207 256 390 195 344 996 35 20 45 82 31 33 311 43 77 8 16 91 101 49 817 37 143 546 45 29 299 46 5 421 44 120 70 103 197 26 397 20 599 9 356 330 541 463 28 70 52 41 10 34 4 29 97 531 596 205 7 1086 147 289 32 89 35 1 296 8 2 28 43 3 53 43 300 71 1282 286 257 254 5 5 78 626 533 42 95 83 1007 688 49
163 106 341 1250 759 314 1 320 1155 155 69 64 921 43 21 27 239 291 24 20 62 14 461 363 249 924 24 1 45 505 507 23 56 47 14 109 2 49 1248 1149 352 13 359 45 77 100 456 30 14 487 567 517 610 6 728 205 27 5 352 224 1060 26 21 11 1301 82 12 172 205 44 12 52 8 5 4 17 128 12 300 175 229 387 722 602 10 37 98 16 1143 629 90 507 492 228 339 119
704 141 62 11 20 578 16 356 729 505 68 6 101 89 24 92 544 22 10 716 176 88 134 219 22 1 213 1 165 451 105 282 1352 87 103 82 13 292 11 9 515 1 53 8 770 18 120 1360 75 177 147 272 557 7 787 664 882 708 39 1 78 486 4 36 93 1368 7 52 90 20 8 437 132 207 11 79 118 10 93 5 42 256 630 209 458 7 10 67 119 273 682 117 227 334 1518 212
5 1773 237 129 1505 245 49 74 130 3 38 118 11 29 518 32 401 92 97 63 473 46 33 411 488 1 117 50 252 1027 365 231 252 1072 10 1761 23 22 481 10 63 148 40 69 13 1233 627 606 53 24 405 66 481 1205 8 46 31 363 28 86 590 45 9 66 39 126 35 30 62 1114 187 51 517 130 42 438 217 5 1369 955 424 45 702 132 180 37 59 129 381 292 322 109 295 63 116 1187
377 355 390 153 25 1510 92 78 141 9 77 26 73 72 7 391 109 195 59 45 521 44 607 55 1 133 750 117 401 32 379 366 827 11 27 43 148 304 849 122 65 81 376 1 12 89 64 124 110 1313 679 9 52 98 14 29 29 124 123 134 114 175 69 414 493 8 65 74 5 12 594 649 2 150 311 118 16 68 45 1217 59 668 224 89 156 1050 1065 789 50 597 130 63 122 179 188 39
679 163 174 1915 51 713 8 309 9 198 6 6 8 452 707 208 109 22 92 32 700 77 30 16 364 192 11 8 55 37 73 1253 222 23 31 437 22 117 1431 254 227 950 17 225 41 1 191 23 87 1645 246 26 641 8 16 4 135 90 22 93 2 13 139 22 76 45 79 108 367 88 86 8 109 50 11 34 39 50 1 26 73 530 1408 1118 587 345 32 98 355 104 23 235 78 205 319 49
387 76 73 388 240 239 35 3 63 1970 116 224 870 374 428 200 536 102 1304 231 15 37 604 331 30 41 68 497 288 87 438 69 318 127 110 22 55 1451 65 437 42 402 19 1527 14 87 1090 26 125 27 19 557 117 2 27 75 57 799 296 17 34 200 100 515 70 9 195 150 75 69 42 425 33 6 7 26 32 3 491 16 4 28 761 321 88 285 147 302 901 57 164 21 393 193 485 392
524 73 338 17 36 25 5 54 234 22 634 216 137 669 424 1 239 38 380 363 568 226 108 164 561 92 18 229 523 140 21 16 327 29 34 783 18 11 18 129 25 48 47 43 366 37 540 44 218 34 5 172 380 1158 24 6 117 40 36 291 53 57 38 175 21 16 556 110 12 161 38 85 71 675 68 85 9 105 71 10 39 34 662 266 57 90 1400 71 17 224 217 482 266 257 256 962
153 586 38 24 64 32 238 91 28 30 40 609 4 1 1570 399 475 14 75 482 345 959 1116 450 107 14 61 5 6 12 113 337 515 21 2 8 16 51 11 9 210 480 4 10 85 163 578 280 93 76 65 42 21 231 32 3 16 70 781 40 508 83 114 689 53 20 166 1944 70 224 83 282 133 11 41 84 7 74 4 4 33 34 104 1049 220 420 1370 1153 49 181 244 149 603 116 672 254
8 172 38 151 25 42 108 70 22 75 43 180 50 17 147 5 417 455 8 40 1453 19 44 173 20 23 30 83 13 47 40 321 7 24 360 58 88 701 4 51 134 633 237 101 9 37 1282 1188 11 7 6 53 3 15 7 137 1 13 242 137 172 31 411 109 1 239 28 19 289 27 50 13 33 114 35 125 13 88 165 68 14 8 10 182 209 392 54 603 53 1007 845 194 918 672 106 208
1427 23 79 71 70 80 627 39 56 44 20 28 3 133 1 87 1 429 36 6 29 13 77 15 27 24 12 34 73 392 9 65 40 11 25 54 71 474 3 48 45 13 37 2 7 42 31 2 545 154 2 91 10 7 38 28 4 28 8 327 96 42 176 14 36 9 143 2 28 9 18 561 60 1 584 215 54 127 2 58 15 6 1106 324 48 177 180 616 163 293 105 19 667 327 848 121
546 9 84 13 60 841 21 10 745 41 32 86 382 37 9 46 15 84 1048 12 212 370 10 46 13 36 24 297 25 226 22 310 1 10 41 45 29 41 26 33 1 584 45 288 72 105 267 479 88 268 6 1 112 120 1120 3 55 30 52 2 26 25 20 224 21 27 88 74 523 161 34 138 53 43 39 151 63 9 108 5 14 33 649 650 619 202 148 1102 283 610 99 165 79 581 452 449
24 20 219 52 30 450 47 1060 5 646 317 11 127 161 417 13 49 1 1 454 345 17 283 89 77 17 88 101 78 24 1143 92 94 48 139 42 1113 38 761 1 683 196 41 3 1 1 1 108 11 39 2 46 197 64 9 739 17 72 103 60 39 12 168 33 19 5 17 214 8 30 36 95 20 39 88 33 34 64 26 13 80 56 168 325 236 1 74 202 704 42 1077 1033 1085 27 91 346
1051 76 52 392 17 88 127 120 89 314 35 11 7 1 16 57 137 19 42 34 1 146 15 32 21 5 830 62 168 125 1 1285 226 141 1 83 23 396 66 173 25 26 31 385 1 1 1 1 22 728 58 76 173 555 257 278 160 164 121 9 82 75 122 99 64 14 9 76 153 125 53 18 81 102 16 11 9 9 67 84 29 37 814 409 810 659 238 304 528 1199 327 936 307 519 265 113
63 26 124 1 19 234 74 124 790 1 5 3 61 49 23 538 272 690 1 73 157 1 6 12 47 21 132 111 1 12 475 100 514 42 10 594 13 111 23 112 65 457 1 13 1 1 1 1 52 48 277 13 192 22 90 132 407 25 10 29 203 15 17 1110 19 20 29 16 117 31 149 15 16 18 74 27 47 8 74 9 6 62 77 152 95 216 20 39 120 5 45 94 392 105 279 11
138 0 686 96 741 309 5 31 3 50 137 9 91 119 9 1478 113 51 54 65 50 34 43 148 2 44 1 1 11 410 333 50 25 515 1177 110 535 37 248 32 3 864 1 17 1 1 1 1 509 12 155 228 5 123 875 73 720 29 587 174 69 18 51 30 1006 86 46 164 87 48 237 137 63 5 86 5 146 27 93 23 20 28 15 37 104 39 5 40 107 27 120 52 17 96 141 19
38 82 1 342 271 164 855 36 1 218 27 45 901 13 343 70 7 87 3 21 53 497 53 1052 92 145 416 4 733 284 184 57 150 1125 973 11 30 26 810 33 29 129 1184 1056 17 1 1 1 9 59 6 538 407 11 27 440 317 373 2 61 36 57 17 52 171 86 17 111 26 82 7 607 71 56 23 6 18 28 33 96 22 10 8 41 48 66 49 50 103 2 19 41 45 33 22 19
26 883 52 26 74 1200 1107 43 57 86 1 19 1171 17 1 55 18 8 508 21 146 4 16 30 27 23 53 16 114 46 8 772 338 176 21 590 2 376 101 37 560 263 24 18 1 157 88 4 378 489 192 451 366 49 8 403 888 279 817 300 988 1 104 18 504 73 2 126 8 232 620 41 15 35 17 27 96 25 33 28 53 8 33 53 80 17 56 39 69 32 10 48 1 105 1 77
265 70 51 79 1 130 115 575 42 122 64 20 32 62 63 974 54 230 128 79 127 398 82 63 31 39 42 21 42 27 328 130 45 28 147 18 160 185 384 47 694 350 16 16 36 8 34 593 47 134 422 289 5 166 11 520 9 22 237 14 111 48 58 118 144 864 327 240 405 241 124 662 27 6 47 19 46 2 17 36 7 9 38 38 122 79 37 24 14 26 3 49 43 10 32 18
37 18 25 657 379 414 251 1 899 478 478 10 52 569 232 11 502 170 1136 428 352 99 526 45 1203 352 39 82 130 1 29 139 287 114 33 91 87 154 22 364 12 6 19 2 328 32 144 623 1 24 180 550 476 77 98 88 44 52 87 33 12 51 46 250 114 519 303 248 353 58 47 83 137 91 7 6 44 27 65 16 23 14 100 48 22 5 44 18 5 28 15 54 50 19 14 156
115 524 447 26 697 16 1000 204 444 1 72 260 30 29 59 116 16 223 215 186 256 346 4 14 906 78 82 104 351 76 1 30 44 68 42 774 44 377 21 18 318 18 54 15 38 121 47 432 20 42 128 1943 1 85 25 1040 165 14 1 7 12 83 1766 103 2 757 439 426 62 370 858 426 60 1 9 18 18 80 85 5 31 15 23 33 69 25 7 47 45 46 66 119 12 76 34 1
537 176 147 63 512 331 29 682 90 156 763 180 10 16 105 41 43 107 6 30 168 629 104 59 31 52 53 55 967 60 590 134 106 21 30 19 60 1111 120 503 52 740 12 338 38 1005 2 89 201 52 2 133 362 303 20 3 2 15 5 121 68 26 211 27 563 2 379 417 203 265 91 1018 44 31 17 2 5 40 62 11 34 5 83 20 5 2 1 1 41 58 79 34 57 61 46 16
9 58 66 95 115 95 15 84 189 15 298 117 31 124 72 24 66 112 26 48 15 303 6 18 7 59 229 831 1339 30 60 109 1008 69 12 104 18 199 221 6 60 654 30 398 25 2 11 589 815 14 185 553 12 10 321 60 17 5 3 17 60 39 8 1325 757 151 52 575 143 606 50 81 15 9 53 51 1 12 52 69 13 6 57 3 19 12 8 51 23 21 38 73 190 13 16 4
290 110 18 32 36 7 25 15 9 160 101 19 27 74 473 5 308 36 125 122 19 161 13 4 320 18 445 221 62 102 331 256 399 52 151 154 1 18 59 339 296 52 28 88 49 281 40 54 36 110 98 1271 7 5 233 85 119 55 31 40 32 16 249 120 110 623 107 42 821 438 187 287 79 2 8 4 8 79 132 33 4 14 1 24 122 25 4 23 71 24 1 73 103 21 26 80
769 1738 57 40 83 112 200 145 432 153 7 43 388 564 162 34 9 8 64 98 542 5 22 373 29 63 135 1115 1356 59 5 67 77 121 69 11 71 3 13 30 13 94 9 13 56 91 17 49 36 39 13 40 404 14 11 31 122 3 8 84 102 32 119 54 14 60 126 2 3 9 1 3 29 45 35 4 15 38 4 27 68 11 54 3 35 1 16 32 20 159 1 1 41 71 38 73
122 226 35 37 23 38 11 48 232 99 446 28 2 37 8 967 11 62 240 5 18 128 7 1318 44 23 359 337 70 93 361 237 90 47 32 148 87 25 83 422 24 50 10 52 18 5 23 67 389 74 39 22 10 24 24 2 25 2 7 8 44 40 93 160 34 45 61 109 3 24 93 104 2 7 44 92 29 34 32 9 1 5 85 36 37 57 26 23 7 67 25 7 7 44 4 1
673 85 32 786 575 27 3 772 6 1130 89 194 8 140 8 426 14 131 24 281 21 547 29 1 82 30 38 42 37 33 155 86 596 36 21 136 276 73 45 248 120 144 29 53 43 45 14 105 1 43 23 19 19 13 2 5 55 4 12 7 81 2 48 114 2 9 60 49 8 22 4 19 77 44 136 4 23 36 30 3 102 79 84 26 17 33 27 39 39 5 13 64 29 43 2 34
90 23 963 133 243 130 33 81 19 48 142 43 513 87 497 100 138 56 80 9 90 333 470 53 167 69 1 44 16 24 29 59 239 450 3 11 148 260 3 141 239 34 24 48 9 86 35 9 162 103 26 45 26 94 13 114 12 20 81 50 5 127 48 34 5 62 64 48 11 49 34 53 20 8 40 30 25 175 1 13 30 51 24 33 48 8 10 9 4 56 31 1 9 112 36 92
63 33 5 392 198 36 81 24 3 15 205 56 28 5 3 86 96 23 314 18 32 3 512 1655 403 45 20 39 23 21 160 28 51 41 75 5 33 284 148 48 145 3 266 20 69 12 79 91 287 79 3 47 101 62 245 54 8 18 40 2 107 18 82 22 43 4 35 7 23 35 2 18 80 14 29 10 11 47 32 20 29 33 29 48 31 40 3 12 18 26 11 11 37 44 7 16
6 73 127 430 36 22 32 28 5 42 85 61 30 133 395 1 3 16 454 18 1063 5 44 894 995 93 154 91 76 6 45 7 44 58 329 785 269 309 258 37 397 123 88 2 20 4 465 10 105 30 19 14 11 39 7 118 69 30 35 121 83 55 14 20 6 61 177 3 27 51 9 25 172 78 21 25 31 2 42 13 28 3 34 141 2 53 32 101 33 35 27 79 148 52 48 7
924 663 268 141 72 1031 307 28 1 362 373 13 34 26 107 56 63 66 67 51 42 110 71 164 41 463 102 1147 66 4 50 19 54 11 94 413 144 22 26 8 56 881 89 3 34 44 116 22 19 2 84 12 72 41 82 18 28 4 78 17 66 41 28 115 16 70 103 42 119 15 2 58 85 22 34 21 21 37 3 16 31 3 1 9 32 72 19 5 26 16 68 149 9 108 53 32
