Runs/TestCases/Input/Initialization/Age.split.sim.txt
ncols 100
nrows 100
xllcorner -59982.863281
yllcorner 1851083.022172
cellsize 1000.000000
NODATA_value -9999
[rows 0 to 47 of 100, columns 0 to 95 of 100]
364 394 648 417 120 245 256 434 122 1 330 720 203 1 1163 1 1 1 325 451 296 709 637 60 1 121 216 199 1 170 114 278 216 168 47 280 285 153 886 129 242 1 324 584 940 454 278 219 775 587 66 171 588 684 285 329 77 37 12 789 86 1 444 159 56 1532 273 1054 833 328 692 293 202 854 250 17 192 685 292 283 1022 144 21 149 344 3 272 437 833 27 1225 101 632 431 60 578
1294 952 1522 52 297 205 89 1 197 249 1 1 57 131 180 572 1 1 1 65 92 225 137 798 94 855 261 1 276 1 1086 1 530 7 414 60 3 414 183 194 899 168 1 313 22 166 150 630 493 63 34 86 332 563 436 232 86 712 196 991 367 435 613 1 1436 55 1 119 1 12 260 415 84 34 145 251 7 1193 196 437 11 282 135 409 69 21 955 9 166 366 1 1256 1745 125 58 393
185 853 58 1 215 1 702 1462 146 555 1 264 802 601 9 397 1 1 1 797 215 39 189 222 534 407 291 32 547 1 18 1400 45 1 224 157 102 646 12 468 91 1 1 34 84 332 16 697 13 786 913 355 80 49 836 371 63 1018 24 77 337 407 356 132 9 22 184 444 71 334 639 1 11 1 3 214 57 68 481 97 64 77 699 66 370 614 1310 145 628 12 1 550 423 94 529 1617
243 16 4 1010 198 829 42 1018 287 162 1 1 1 794 1 132 1 1 50 141 1174 117 989 367 65 56 168 358 180 1 1 1 1 1 156 847 1 225 1645 1 985 1194 441 89 150 77 614 51 267 132 219 463 219 577 258 1610 62 71 103 137 67 105 146 595 851 84 62 34 49 404 898 138 13 6 38 309 943 21 583 310 28 40 10 17 84 589 598 344 715 281 39 605 608 205 578 1271
40 924 571 329 229 647 72 518 144 831 1 1132 762 116 18 1 22 1 1 1 1257 190 577 236 752 217 240 947 307 18 1 1 232 710 79 126 913 41 14 1 517 230 217 145 817 320 94 5 2 117 896 71 117 284 183 134 195 1500 189 21 13 345 99 70 1225 19 162 73 1 84 1 12 45 778 129 325 1117 105 1 322 64 13 94 61 547 54 336 146 298 1 131 278 0 313 148 38
266 63 142 41 394 43 266 881 414 39 1 1 101 618 1083 417 1044 128 1 1 531 22 96 229 576 84 199 101 637 339 1 1 1 345 1105 1 23 310 1 1 1 1 1 176 343 285 1018 31 329 748 233 219 198 370 1 359 407 52 410 308 229 398 683 552 626 21 179 37 1 5 120 121 1 1 86 1 530 385 72 40 262 506 89 217 26 1222 920 293 312 1 1 51 1160 378 37 46
115 335 544 437 895 174 501 16 370 970 82 1 196 1 1 648 760 1 1 1 1 178 1 687 898 538 13 1 248 129 1 1 88 358 1 26 778 1 1 1 1 1 522 1055 410 60 13 72 210 410 839 812 719 180 198 152 154 1551 1484 107 140 455 36 308 380 63 80 14 133 177 16 41 88 381 1 761 86 53 267 196 675 276 491 3 11 42 542 1 1 668 260 180 68 43 837 44
1 266 1 384 314 1322 614 186 17 110 611 376 1338 1 462 1 245 1 232 1 1 144 1566 17 1178 61 235 1 1 1 1 1 1 286 236 809 708 1 1 1458 1 461 158 245 126 227 113 254 859 1 549 1 1 417 41 961 357 301 97 288 461 924 54 188 28 163 143 131 79 488 1014 1 65 134 120 1213 1152 110 152 542 586 27 48 75 40 634 423 142 570 72 56 99 197 934 222 81
1 787 55 131 161 341 285 366 489 308 426 119 615 1 1 1 568 1 1 1 1 62 1 6 98 1 443 458 574 1 1 117 1 1 1 1 1 1 1 322 593 174 452 250 358 216 166 1952 332 281 913 1 1 40 52 339 353 98 119 210 531 353 752 684 1164 1 52 11 835 781 200 23 23 41 1262 172 1025 82 15 29 10 705 90 506 157 52 1310 356 1 238 381 227 207 263 355 20
347 249 50 205 291 181 5 580 141 1600 1 66 199 1 1 1 1 1 760 1 1 1 1 33 1676 1 594 1 203 195 804 56 338 1 1 1 1 1 1 1 43 63 713 401 260 52 212 56 172 38 143 59 430 238 2 87 245 1 857 451 1 88 45 274 127 1443 89 711 49 66 95 21 45 1 8 95 94 132 838 1051 17 98 116 96 1 181 52 298 1 78 200 1 607 500 564 953
1 298 312 1 52 315 90 60 121 1 1 142 560 93 220 238 96 1 1 1 1 1 1139 13 321 819 394 1 1 1 501 52 13 540 546 1 1 434 386 279 23 391 1 418 1 623 40 1 1 1 1 1 1 169 1061 23 460 1 563 1 196 302 43 43 988 191 81 4 1 1 1219 892 35 571 234 83 89 1067 73 123 1 7 196 89 10 470 870 1 1 515 153 312 676 515 57 67
57 131 437 256 97 105 50 186 84 168 1 160 1 1 1 655 308 1 1 1 1 1 1320 275 1880 1 931 109 314 34 245 463 179 1232 139 56 442 137 470 268 633 192 521 652 112 282 407 1 363 1 278 227 1 1 313 1 107 179 490 182 74 141 34 393 387 494 1138 1 653 408 1 157 13 1 956 100 28 553 16 52 485 1741 442 105 200 8 283 1 979 1008 142 263 36 1653 925 340
394 1 303 1 1 29 121 182 279 88 1 291 1 195 761 125 89 1 104 1 1 1 71 1417 1 429 88 94 464 1 360 215 1 281 1 490 9 786 333 341 1 761 167 244 62 152 602 266 1090 61 1 1 1 1 639 803 1 175 703 127 726 37 826 136 201 108 1027 536 67 50 1 194 11 53 189 1 457 100 79 267 16 44 3 177 122 210 133 432 35 464 462 696 69 28 282 339
124 172 1 128 1 181 209 251 12 291 1 225 1 708 476 1569 272 1474 764 64 1 119 255 78 751 1 1 359 200 11 192 1 8 456 167 27 1 1 331 1 1 483 138 1035 471 362 28 7 1356 783 1 1 1 1 1 928 279 17 853 135 398 517 1 483 141 9 22 6 11 9 1041 32 494 36 267 58 631 406 241 121 1 280 1 495 561 1983 523 543 135 196 364 283 496 1517 200 103
7 1 1 316 113 623 51 1 482 1 1 86 1 122 1 576 1 666 349 1 1 1 1 168 188 1 421 1340 605 202 112 75 665 138 283 357 739 634 1170 59 1030 553 27 352 36 348 148 1153 356 1613 1 29 1 1 1 273 112 86 230 117 1 590 450 67 501 17 40 52 31 3 572 32 62 91 7 307 163 49 3 664 3 86 1 1 1256 897 1734 592 501 1 309 266 143 50 29 546
563 1 151 907 1295 258 1 1 183 6 167 1 277 760 173 588 359 29 1 194 1 41 365 97 384 498 1 1 1 225 321 27 48 31 6 190 1455 389 1411 1 242 31 35 171 237 808 134 1478 83 359 302 1 1 1 1 1 1 1 277 1 68 121 233 43 36 19 819 1198 249 136 387 34 798 770 35 1 71 14 634 133 173 174 639 25 876 68 10 8 880 30 410 321 812 168 121 25
3 1 375 550 54 14 1 1 496 1 1015 1 189 689 601 366 102 809 1 1 80 1 27 430 360 331 619 187 400 407 315 111 173 410 1 26 130 261 1 49 17 305 1626 1085 407 932 1 247 249 179 1308 1 1 743 1 1 1 1 1 363 55 1671 574 352 22 954 56 1078 266 100 6 125 519 715 91 48 1666 434 97 520 86 92 28 25 231 209 153 837 398 297 701 200 144 529 694 117
1 1 395 1 698 10 328 1 1 644 1 35 602 120 1 448 331 144 47 661 344 984 1 1 670 1137 261 146 698 83 468 549 128 133 5 702 211 1 1 361 508 106 243 656 23 159 265 1 66 1 623 968 1209 308 72 493 1 44 1 333 104 404 252 250 1488 472 160 14 539 13 28 384 97 52 1 13 16 11 133 1 1179 208 379 353 24 7 871 249 1 398 689 65 884 477 1440 240
1 1 24 1 1 1 1 134 431 1130 1341 419 514 253 704 1378 76 232 538 33 292 1 596 58 1 80 162 56 10 38 893 201 832 1253 58 343 1580 579 1 191 1 1802 87 1 1 298 533 108 1 1 1 416 512 42 348 89 20 1 1 1 382 386 24 360 928 7 303 1580 470 40 16 33 30 74 1 68 1 20 81 42 142 1 204 1 1681 49 71 73 1219 128 255 276 768 78 80 8
329 1254 355 220 1 1 467 1 1138 490 139 812 541 514 388 1 323 370 72 53 1 1 379 1 193 899 1008 34 126 61 599 140 388 646 1002 118 778 500 1 1 327 348 275 49 1 208 158 1 186 276 538 551 26 1046 224 233 198 243 630 1 404 1 101 115 47 45 143 185 116 60 110 37 6 13 157 220 14 1 79 102 40 108 625 22 1016 796 78 125 370 141 92 252 69 113 1116 50
245 461 27 1 1 1 1 282 1 50 1553 129 623 2 15 150 145 1073 699 439 311 241 301 1 680 42 100 129 118 2 184 289 38 450 681 26 692 60 598 1 62 313 259 294 612 1 64 451 43 358 298 464 43 164 698 656 14 119 246 176 1 179 270 798 191 1 1 142 40 233 1022 19 5 33 69 159 47 62 70 4 1654 7 13 79 706 81 174 511 395 61 1061 300 1 59 980 25
1 321 519 1 382 283 1 1 332 877 116 105 14 515 181 651 69 567 1232 478 1 754 1 185 292 111 83 372 48 15 329 329 69 724 562 1 1 739 1 57 805 3 1 1 794 510 1 1 198 330 77 1 1 229 138 70 74 652 852 380 451 1269 1061 212 70 6 170 21 96 415 97 144 77 74 369 57 325 168 14 1 1 703 256 50 12 54 393 91 219 786 242 657 577 405 159 32
1 368 1 267 364 79 1024 230 1 1062 1 257 739 185 195 697 676 873 358 432 941 1135 293 464 527 508 100 29 28 931 136 273 372 380 259 887 182 1479 70 122 1 787 319 14 150 214 90 405 89 319 140 373 1 765 273 348 1 52 1870 530 87 312 511 396 474 476 44 843 343 746 33 105 464 66 100 6 12 3 1 920 1 275 9 355 75 29 527 366 86 43 958 24 35 64 90 66
1 1 242 1 208 782 316 470 1 1 1 308 805 122 222 54 606 73 980 411 1 286 37 153 106 123 846 834 71 134 25 215 1291 156 246 207 207 380 362 1 1 1 1 11 370 1 45 6 621 49 375 52 1 102 1 46 1 220 145 394 125 82 833 575 1271 352 203 689 191 80 345 200 1 33 545 667 951 480 1 1 17 62 147 36 17 20 338 338 877 306 786 4 745 204 752 322
307 1 781 61 1 182 178 184 1 1 1 42 305 87 63 1 1 156 87 543 22 842 43 62 586 77 150 234 565 13 32 46 49 34 178 87 232 1 1 1 1 1 158 938 427 148 828 190 232 379 34 180 45 483 1 424 142 1186 6 177 83 196 24 138 150 1 85 1 3 334 245 81 733 106 392 257 186 2 55 1308 43 4 43 106 394 25 1 7 90 587 1 105 650 156 104 12
292 1 1 82 887 532 414 567 216 512 907 740 359 193 89 270 326 100 1 684 264 428 283 66 152 334 443 433 2 51 6 62 11 3 1817 49 140 729 810 1441 423 1069 1 478 601 428 515 225 1 776 241 958 113 1159 378 35 190 54 35 194 500 709 515 418 523 1 1 1796 444 44 120 1 303 409 46 242 940 253 1003 59 1 375 7 37 347 81 28 92 104 67 389 308 262 273 139 32
305 793 615 590 1 282 108 556 121 114 607 307 571 749 194 1381 593 40 672 13 147 138 1 256 454 414 672 554 122 267 1450 176 80 46 77 44 77 154 1990 1619 230 153 1 295 522 1 1 350 668 169 246 57 588 249 1029 113 136 1 51 69 740 445 1053 279 139 371 1573 49 968 278 394 58 664 157 313 107 2 885 671 37 1 114 86 11 80 78 17 6 47 166 13 249 24 6 407 425
159 1 1 235 41 1041 491 492 218 1 1 504 1073 338 68 1961 719 6 679 804 34 251 182 1048 389 362 263 107 62 37 712 1221 388 64 806 608 40 29 508 434 238 249 1057 84 48 498 1 39 318 173 442 10 136 24 174 104 32 2 176 326 120 706 84 157 420 35 40 367 1188 736 657 236 184 78 345 69 47 403 73 1 23 119 388 78 342 202 39 79 2 65 78 1 4 99 200 736
76 1 431 85 386 390 544 106 435 1412 716 129 81 21 17 703 1096 358 74 1 46 48 336 297 346 7 35 266 83 63 593 127 531 16 51 56 111 398 70 1 1 328 56 32 398 254 70 183 907 621 150 13 282 72 66 19 2 51 280 213 175 812 49 740 50 19 461 171 45 246 925 2 482 151 76 177 41 1074 81 35 464 4 190 1 75 305 1 15 21 56 717 591 159 160 36 227
561 90 341 53 1576 678 528 299 71 849 992 345 150 414 32 73 1795 233 801 57 64 210 60 261 118 1 270 570 419 412 68 1522 408 30 78 270 20 97 1008 1313 84 1443 652 48 68 208 890 276 562 129 478 85 704 114 704 344 1268 3 134 79 379 391 64 107 66 25 1738 348 123 51 28 36 310 100 308 431 19 756 6 83 134 408 216 215 86 34 8 449 840 31 17 311 53 499 163 36
605 12 1 34 1 779 885 137 255 631 286 33 1 244 943 395 12 56 23 41 160 981 118 254 87 129 369 1 1 430 1424 37 406 155 176 1 128 14 296 68 234 38 31 563 519 750 104 48 483 1056 126 1 337 59 900 601 100 451 48 25 154 1 1 75 23 37 523 43 17 52 4 3 59 197 18 297 50 1329 33 26 19 6 15 41 63 229 1377 486 76 555 473 8 2 100 44 19
425 1 82 142 1379 117 782 391 354 429 170 98 1 797 12 504 8 213 493 108 151 762 568 36 1 100 1 216 5 25 666 1 76 1163 15 13 115 251 3 30 17 55 75 137 30 222 1 37 582 433 617 363 342 123 29 39 110 354 154 638 387 312 1 321 348 1224 324 263 12 185 440 239 207 88 103 96 140 31 220 97 1 40 70 1 253 580 229 65 782 18 363 194 86 124 172 72
711 25 374 484 44 821 282 532 153 375 604 1 475 245 372 9 538 209 66 797 1523 1436 296 22 169 735 318 644 1472 147 41 58 277 19 586 1 34 992 5 48 537 182 20 1773 538 409 18 488 263 379 208 19 37 546 62 1064 141 25 23 562 35 727 49 717 23 131 396 352 545 1108 460 1768 999 10 4 90 20 34 15 49 1 31 38 299 57 869 423 32 10 76 35 11 664 22 141 29
263 308 715 590 710 514 513 921 1 15 70 207 111 474 22 1527 279 5 11 573 400 775 1531 60 46 429 343 13 147 1 374 226 293 178 85 1 84 43 55 179 179 296 337 196 350 472 794 621 394 698 165 45 105 66 490 171 529 662 933 40 163 39 109 1046 1085 491 556 1 236 140 332 118 182 774 53 64 342 22 27 51 1 66 361 368 899 16 272 45 550 379 4 21 918 41 204 368
146 895 387 245 390 252 105 144 1374 47 402 742 47 98 54 210 152 433 21 1 79 129 135 225 686 624 32 22 56 90 21 228 1267 347 69 1 1 21 2 552 65 318 158 381 443 1 1050 1 140 289 284 583 10 129 318 190 47 498 498 706 15 146 8 180 228 297 8 453 282 70 295 857 509 91 966 35 30 751 341 67 182 15 76 221 188 750 164 10 53 86 700 280 142 153 442 636
490 48 44 977 237 317 47 146 1120 355 136 88 122 117 3 21 10 28 65 345 1 29 411 1858 49 1299 324 762 58 1601 297 1018 219 652 163 11 1 1 5 1218 195 1370 127 56 308 422 291 55 477 75 412 382 352 430 237 68 31 11 28 237 331 722 108 93 337 21 198 440 1 736 232 8 96 178 72 119 65 993 1147 461 14 9 1 14 93 293 770 70 51 3 34 9 66 633 1 1254
755 607 303 98 228 494 441 489 152 43 68 30 26 310 72 167 737 12 72 143 67 35 185 24 252 713 102 227 1120 46 42 33 206 110 129 25 158 1 1 51 502 614 186 321 902 690 87 386 1067 1392 74 171 219 1109 185 164 182 68 82 37 1 655 812 242 497 506 195 54 85 595 320 942 93 1610 684 563 509 141 1 629 49 334 1 37 100 123 15 65 31 160 58 11 236 1337 39 336
13 359 107 135 42 258 1150 223 221 96 58 879 22 1320 539 168 147 154 188 330 1138 56 215 253 39 1511 299 960 419 75 220 465 49 108 61 466 17 23 1 39 39 439 48 1073 55 21 252 42 362 368 5 256 1904 710 533 159 4 87 389 742 444 369 328 200 1391 250 532 4 79 296 102 1379 126 681 331 128 3 84 217 94 155 65 77 11 776 51 67 87 6 70 189 58 116 179 184 171
1213 147 652 175 211 191 1800 515 82 1 274 2 142 1369 317 78 111 114 4 25 66 25 3 1294 27 21 83 536 205 746 162 201 342 42 149 25 86 56 10 1 1 99 289 562 454 163 1 565 461 876 137 64 386 239 991 255 78 159 396 1202 61 27 352 101 207 637 218 126 490 166 78 63 866 284 278 38 6 86 162 670 1138 204 1140 14 84 668 35 1829 36 57 252 226 88 24 608 243
546 337 635 159 363 731 680 355 53 27 133 419 122 146 215 24 1090 282 27 403 184 610 90 357 151 81 159 34 1 531 12 106 1598 12 16 520 62 8 14 1 1 1 48 75 929 162 23 108 1124 916 729 30 61 3 1 504 306 473 117 126 127 1 350 187 158 88 131 657 383 294 465 1211 700 220 416 113 236 275 11 11 77 23 9 170 7 154 49 252 22 165 40 26 1 124 2 25
366 372 577 123 853 166 213 993 357 116 89 453 201 116 115 243 519 909 38 518 142 18 66 477 192 379 237 842 25 48 4 66 4 549 762 311 1144 76 43 9 36 69 1 1 44 851 595 825 96 105 31 270 13 610 775 239 35 7 193 39 561 567 136 639 878 109 787 334 243 387 42 285 250 209 794 204 243 575 103 556 146 516 57 3 42 126 53 617 310 607 46 1585 1 1 16 1126
62 515 831 479 240 606 998 85 54 44 12 407 584 620 494 61 1054 427 49 304 34 33 5 153 215 1357 141 56 104 5 19 1495 150 1 215 51 1 113 448 1055 2 11 33 1 34 43 1049 22 612 547 15 693 1 32 79 87 1425 19 68 44 68 1 370 516 183 1 50 784 104 113 665 18 1369 272 321 277 303 13 153 276 617 322 875 54 18 151 17 561 60 147 18 100 1 1 26 186
112 877 163 210 291 633 86 53 10 1 815 150 125 275 15 105 234 422 57 155 1373 519 147 134 724 336 1 717 172 1 1140 654 140 2 445 61 488 241 1031 510 33 13 1 1 1 35 553 237 136 456 923 385 55 27 254 3 1 42 225 530 389 874 459 1 1022 16 461 104 193 1 1 139 67 730 790 999 954 135 104 1 909 943 604 79 13 60 13 106 333 227 38 36 56 1 1 25
335 55 671 525 9 531 1737 1451 115 915 756 216 30 375 1 51 102 182 55 87 110 109 112 5 728 534 295 637 90 460 657 42 19 359 113 127 76 355 166 82 293 831 57 1 1 1313 140 67 515 20 8 86 85 55 465 35 20 572 19 324 367 14 871 446 1 1 314 58 201 1 297 1 123 518 96 55 131 104 591 1 77 759 99 18 35 1 1454 52 111 407 893 64 21 581 1 1
393 1 1 1 335 409 13 1344 334 551 1218 341 302 232 192 312 337 805 405 3 117 1030 84 165 73 1593 27 32 17 90 118 503 190 100 181 160 1024 65 168 289 263 301 674 36 1 1 1 159 377 60 34 16 7 18 38 90 13 357 6 804 1 1704 1175 713 884 779 48 57 22 1 1 215 562 1 30 791 60 260 1 48 16 6 52 26 99 1 70 10 136 77 3 61 652 114 452 3
281 219 1 481 65 80 95 424 17 157 330 410 402 82 98 360 431 617 276 40 1344 204 8 257 772 24 349 88 1115 171 1311 489 494 40 670 104 572 291 432 72 157 145 1199 110 1 1 1 1 34 140 29 4 238 133 197 413 119 17 886 332 14 43 471 5 329 41 5 83 199 129 1 182 89 185 149 268 238 734 655 259 386 407 496 62 1 17 24 427 37 706 388 54 7 142 549 229
471 41 1154 111 24 5 169 114 194 507 877 655 1158 468 46 194 131 75 581 396 553 557 159 10 280 65 154 560 842 380 913 192 804 697 140 614 105 86 430 694 86 19 73 279 33 1 1 1 60 128 446 306 85 374 250 106 182 735 219 736 621 61 156 64 181 218 489 527 363 443 137 601 596 29 94 145 497 1212 618 87 74 271 303 291 5 39 6 127 15 63 244 10 7 9 77 430
901 117 14 61 30 132 335 16 1590 198 377 59 21 30 164 5 776 776 318 57 1438 180 911 194 276 1228 94 15 3 191 149 1397 554 367 69 376 11 35 215 177 685 13 381 1150 212 1 1 1 191 62 12 40 8 123 558 904 22 311 709 659 75 840 35 5 128 575 320 43 53 301 45 409 780 327 305 714 477 907 206 349 555 32 179 582 831 809 1965 487 403 1507 116 194 19 1 16 104
